time[s],brakingTime.y[s],checkReqAccel.rf[-],checkReqEmBrake.rf[-],checkReqSpeed.rf[-],desSpeed.y[rad/s],machine.om[rpm],opSpeedBand.y[-],runUpTime.y[s],statAnaRefVar[-],stopBand.y[-]
s,s,-,-,-,rad/s,rpm,-,s,-,-
0,0,-1,-1,-1,0,0,0,0,0,0
0,0,-1,-1,-1,0,0,0,0,0,0
0,0,-1,-1,-1,0,0,0,0,0,0
0.0012,0,-1,-1,-1,0,0,0,0,0,0
0.00855,0,-1,-1,-1,0,0,0,0,0,0
0.06,0,-1,-1,-1,0,0,0,0,0,0
0.21,0,-1,-1,-1,0,0,0,0,0,0
0.36,0,-1,-1,-1,0,0,0,0,0,0
0.51,0,-1,-1,-1,0,0,0,0,0,0
0.66,0,-1,-1,-1,0,0,0,0,0,0
0.751524468932,0,-1,-1,-1,4.69412904168617e-08,1.21465815625347e-07,0,0,0,0
0.789024468932,0,-1,-1,-1,3.62227166811286e-05,3.10557220753545e-05,0,0,0,0
0.797098667112,0,-1,-1,-1,5.48597850395681e-05,4.03514804386633e-05,0,0,0,0
0.801927691396,0,-1,-1,-1,6.83100806670797e-05,4.77474378580843e-05,0,0,0,0
0.801927691396,0,-1,-1,-1,6.83100806670797e-05,4.77474378580843e-05,0,0,0,0
0.801927691396,0,-1,-1,-1,6.83100806670797e-05,4.77474378580843e-05,0,0,0,0
0.803081148279,0,-1,-1,-1,7.17961351906613e-05,4.94814713026229e-05,0,0,0,0
0.81115534646,0,-1,-1,-1,9.93690551382453e-05,6.35394681432062e-05,0,0,0,0
0.83117071421,0,-1,-1,-1,0.00019578309850576,0.000154254764430808,0,0,0,0
0.85118608196,0,-1,-1,-1,0.000345093480325805,0.000316215919936495,0,0,0,0
0.87120144971,0,-1,-1,-1,0.00057190169900502,0.000585238423435568,0,0,0,0
0.892488854076,0,-1,-1,-1,0.000946509402697176,0.000990526752927779,0,0,0,0
0.91245390059,0,-1,-1,-1,0.00150981634639099,0.00158329208356682,0,0,0,0
0.932418947104,0,-1,-1,-1,0.00246273734573977,0.0025362869229644,0,0,0,0
0.952383993618,0,-1,-1,-1,0.00428848811198278,0.00414937622812169,0,0,0,0
0.963415329385,0,-1,-1,-1,0.00618070795411576,0.00546912424371283,0,0,0,0
0.974446665152,0,-1,-1,-1,0.00968876615723636,0.00740168113143649,0,0,0,0
0.980276265541,0,-1,-1,-1,0.0130469247498532,0.00877436133352561,0,0,0,0
0.98610586593,0,-1,-1,-1,0.0189080757848588,0.0105829840896111,0,0,0,0
0.989338401594,0,-1,-1,-1,0.0244117182197819,0.0118367804749586,0,0,0,0
0.992570937258,0,-1,-1,-1,0.033241516050075,0.0133722651098909,0,0,0,0
0.995304629191,0,-1,-1,-1,0.0455945394967546,0.0149786179276802,0,0,0,0
0.996959017553,0,-1,-1,-1,0.0567299169243453,0.0161279458797018,0,0,0,0
0.998613405915,0,-1,-1,-1,0.0718279776699041,0.0174630130806605,0,0,0,0
1.000102355441,0,-1,-1,-1,0.089528355112102,0.0188659988976558,0,0,0,0
1.001442410014,0,-1,-1,-1,0.109005817926365,0.0203346418276979,0,0,0,0
1.002782464587,0,-1,-1,-1,0.131646784700319,0.0220493761119077,0,0,0,0
1.00412251916,0,-1,-1,-1,0.156993671738265,0.0240686744715002,0,0,0,0
1.005462573733,0,-1,-1,-1,0.184499195319316,0.0264613056768229,0,0,0,0
1.007137641949,0,-1,-1,-1,0.221153870503634,0.030079804267103,0,0,0,0
1.008812710165,0,-1,-1,-1,0.259619969985774,0.0345623626279661,0,0,0,0
1.010487778381,0,-1,-1,-1,0.299352274699574,0.0401059994533964,0,0,0,0
1.012162846597,0,-1,-1,-1,0.339982123025978,0.0469197009696664,0,0,0,0
1.013837914813,0,-1,-1,-1,0.381261136261701,0.0552179724861144,0,0,0,0
1.015931750083,0,-1,-1,-1,0.433520005921862,0.0680032366917481,0,0,0,0
1.018025585353,0,-1,-1,-1,0.486310282703603,0.0838430568921495,0,0,0,0
1.02064287944,0,-1,-1,-1,0.552829015322806,0.108482960698297,0,0,0,0
1.023260173527,0,-1,-1,-1,0.619769865082109,0.13903644530504,0,0,0,0
1.025877467614,0,-1,-1,-1,0.687014875395664,0.175905694628543,0,0,0,0
1.028494761701,0,-1,-1,-1,0.754485674497687,0.219288337302667,0,0,0,0
1.03176637931,0,-1,-1,-1,0.839061167553304,0.282643115853341,0,0,0,0
1.035855901321,0,-1,-1,-1,0.945052173183681,0.375426678659913,0,0,0,0
1.039536471131,0,-1,-1,-1,1.04063258991224,0.470560932844022,0,0,0,0
1.04059638,0,-1,-1,-1,1.06818341796387,0.499758788436871,0,0,0,0
1.040605025278,0,-1,-1,-1,1.06840818231271,0.500000000961866,0,0,0,0
1.040605025278,0,-1,-1,-1,1.06840818231271,0.500000000961866,0,0,0,0
1.040605025278,0,-1,-1,-1,1.06840818231271,0.500000000961866,0,0,0,0
1.040605025278,0,-1,-1,-1,1.06840818231271,0.500000000961866,0,0,0,0
1.040605025278,0,-1,-1,-1,1.06840818231271,0.500000000961866,0,0,0,0
1.040605025278,0,-1,-1,-1,1.06840818231271,0.500000000961866,0,0,0,0
1.041703609312,0,-1,-1,-1,1.09697505722304,0.531157562404974,0,0.001098584034,0,0
1.043290283857,0,-1,-1,-1,1.13825145157254,0.577340094357959,0,0.002685258579,0,0
1.044595855265,0,-1,-1,-1,1.1722292925535,0.616390607739994,0,0.003990829987,0,0
1.045901426673,0,-1,-1,-1,1.20621878980811,0.656350515044924,0,0.005296401395,0,0
1.047206998081,0,-1,-1,-1,1.24021899748765,0.697168761734946,0,0.006601972803,0,0
1.048512569489,0,-1,-1,-1,1.27422906887364,0.738796954751285,0,0.007907544211,0,0
1.051363512179,0,-1,-1,-1,1.34852669665031,0.832348962299297,0,0.010758486901,0,0
1.053870873345,0,-1,-1,-1,1.41390092784778,0.917420580558625,0,0.013265848067,0,0
1.05615221628,0,-1,-1,-1,1.47340374495113,0.996999479812629,0,0.015547191002,0,0
1.058433559215,0,-1,-1,-1,1.53292464013493,1.07867804918487,0,0.017828533937,0,0
1.06071490215,0,-1,-1,-1,1.59246160333477,1.16256944303803,0,0.020109876872,0,0
1.062996245085,0,-1,-1,-1,1.65201291095926,1.24885810680749,0,0.022391219807,0,0
1.06527758802,0,-1,-1,-1,1.71157707675157,1.33778411517033,0,0.024672562742,0,0
1.066589093142,0,-1,-1,-1,1.74582481217154,1.39020404359881,0,0.025984067864,0,0
1.068228474544,0,-1,-1,-1,1.78863952214642,1.45717052424751,0,0.027623449266,0,0
1.070277701296,0,-1,-1,-1,1.84216523095232,1.54328902231848,0,0.029672676018,0,0
1.072839234736,0,-1,-1,-1,1.90908283419229,1.6549949753166,0,0.032234209458,0,0
1.075400768176,0,-1,-1,-1,1.97601097113776,1.77154554429397,0,0.034795742898,0,0
1.077962301616,0,-1,-1,-1,2.04294861206043,1.89323542766706,0,0.037357276338,0,0
1.080523835056,0,-1,-1,-1,2.10989485697141,2.02027000913697,0,0.039918809778,0,0
1.083085368496,0,-1,-1,-1,2.17684891584696,2.15275158234853,0,0.042480343218,0,0
1.086287285296,0,-1,-1,-1,2.26055142482227,2.32601193925485,0,0.045682260018,0,0
1.090289681296,0,-1,-1,-1,2.36519341641666,2.55418380736462,0,0.049684656018,0,0
1.094292077296,0,-1,-1,-1,2.46984898365864,2.79439131088587,0,0.053687052018,0,0
1.098294473296,0,-1,-1,-1,2.57451647695338,3.04545888340019,0,0.057689448018,0,0
1.102296869296,0,-1,-1,-1,2.67919450326708,3.30618936868671,0,0.061691844018,0,0
1.105899025696,0,-1,-1,-1,2.77341275006721,3.54829239396284,0,0.065294000418,0,0
1.109501182096,0,-1,-1,-1,2.8676378230879,3.79701153230926,0,0.068896156818,0,0
1.113103338496,0,-1,-1,-1,2.96186907267883,4.05226111193828,0,0.072498313218,0,0
1.117606033996,0,-1,-1,-1,3.07966595900235,4.38085968517263,0,0.077001008718,0,0
1.122108729496,0,-1,-1,-1,3.19747064446415,4.72095893244067,0,0.081503704218,0,0
1.126611424996,0,-1,-1,-1,3.31528229960571,5.07382423455464,0,0.086006399718,0,0
1.131114120496,0,-1,-1,-1,3.43310020848233,5.44069826754013,0,0.090509095218,0,0
1.135166546446,0,-1,-1,-1,3.53914115829296,5.78362216944761,0,0.094561521168,0,0
1.139218972396,0,-1,-1,-1,3.64518627215524,6.13888255074816,0,0.098613947118,0,0
1.143271398346,0,-1,-1,-1,3.75123519759008,6.5063164041256,0,0.102666373068,0,0
1.148336930783,0,-1,-1,-1,3.88380123958056,6.98196925767591,0,0.107731905505,0,0
1.15340246322,0,-1,-1,-1,4.01637220878528,7.47449365923431,0,0.112797437942,0,0
1.158467995657,0,-1,-1,-1,4.14894763364679,7.9824493080971,0,0.117862970379,0,0
1.16302697485,0,-1,-1,-1,4.26826898297418,8.45190831297686,0,0.122421949572,0,0
1.167585954043,0,-1,-1,-1,4.38759333930504,8.9327275648976,0,0.126980928765,0,0
1.172144933236,0,-1,-1,-1,4.50692046413492,9.42514757823114,0,0.131539907958,0,0
1.177843657227,0,-1,-1,-1,4.65608293952713,10.057910323417,0,0.137238631949,0,0
1.182972508819,0,-1,-1,-1,4.79033227355512,10.6449699665387,0,0.142367483541,0,0
1.188101360411,0,-1,-1,-1,4.92458430100066,11.2496905886812,0,0.147496335133,0,0
1.192717326844,0,-1,-1,-1,5.04541325108472,11.8094486462282,0,0.152112301566,0,0
1.197333293277,0,-1,-1,-1,5.16624406833959,12.3837864870361,0,0.156728267999,0,0
1.20194925971,0,-1,-1,-1,5.28707662488699,12.9722045029792,0,0.161344234432,0,0
1.206565226143,0,-1,-1,-1,5.40791080426227,13.5739929844694,0,0.165960200865,0,0
1.211181192576,0,-1,-1,-1,5.52874650016912,14.1884311479163,0,0.170576167298,0,0
1.215797159009,0,-1,-1,-1,5.64958361539384,14.8149676813631,0,0.175192133731,0,0
1.22156711705,0,-1,-1,-1,5.80063187033107,15.6147612980928,0,0.180962091772,0,0
1.227337075091,0,-1,-1,-1,5.95168204614948,16.433246031983,0,0.186732049813,0,0
1.233107033132,0,-1,-1,-1,6.10273400034059,17.2712178955368,0,0.192502007854,0,0
1.238876991173,0,-1,-1,-1,6.25378760414957,18.1295914349547,0,0.198271965895,0,0
1.244646949214,0,-1,-1,-1,6.40484274095549,19.0089185327816,0,0.204041923936,0,0
1.251859396765,0,-1,-1,-1,6.59366358845401,20.1374645742437,0,0.211254371487,0,0
1.258350599561,0,-1,-1,-1,6.7636028802613,21.1800611392641,0,0.217745574283,0,0
1.264841802357,0,-1,-1,-1,6.93354217206859,22.2467804227028,0,0.224236777079,0,0
1.271333005153,0,-1,-1,-1,7.10348146387589,23.336643046726,0,0.230727979875,0,0
1.277824207949,0,-1,-1,-1,7.27342075568317,24.4494013338782,0,0.237219182671,0,0
1.284315410745,0,-1,-1,-1,7.44336004749047,25.5854538120898,0,0.243710385467,0,0
1.290806613541,0,-1,-1,-1,7.61329933929776,26.7454047989583,0,0.250201588263,0,0
1.297297816337,0,-1,-1,-1,7.78323863110505,27.9295731917719,0,0.256692791059,0,0
1.305411819832,0,-1,-1,-1,7.99566274586417,29.4435231069526,0,0.264806794554,0,0
1.312714422977,0,-1,-1,-1,8.18684444913429,30.8370418546137,0,0.272109397699,0,0
1.320017026122,0,-1,-1,-1,8.3780261524044,32.2586647313919,0,0.279412000844,0,0
1.327319629267,0,-1,-1,-1,8.56920785567451,33.7077124656118,0,0.286714603989,0,0
1.336447883198,0,-1,-1,-1,8.80818498475561,35.5575572964955,0,0.29584285792,0,0
1.345576137129,0,-1,-1,-1,9.04716211383671,37.450851754914,0,0.304971111851,0,0
1.35470439106,0,-1,-1,-1,9.28613924291781,39.3877130543901,0,0.314099365782,0,0
1.363832644991,0,-1,-1,-1,9.5251163719989,41.3668747029151,0,0.323227619713,0,0
1.3719219302,0,-1,-1,-1,9.73689336354379,43.154703642622,0,0.331316904922,0,0
1.380011215409,0,-1,-1,-1,9.94867035508869,44.9732793453277,0,0.339406190131,0,0
1.388100500618,0,-1,-1,-1,10.1604473466336,46.8221021622234,0,0.34749547534,0,0
1.396189785827,0,-1,-1,-1,10.3722243381785,48.7012145782915,0,0.355584760549,0,0
1.404279071036,0,-1,-1,-1,10.5840013297234,50.6108025579559,0,0.363674045758,0,0
1.414390677547,0,-1,-1,-1,10.8487225691479,53.0402763546321,0,0.373785652269,0,0
1.423491123407,0,-1,-1,-1,11.0869716846327,55.2660733722466,0,0.382886098129,0,0
1.432591569267,0,-1,-1,-1,11.3252208001174,57.5273799932827,0,0.391986543989,0,0
1.441692015127,0,-1,-1,-1,11.5634699156021,59.8226729449124,0,0.401086989849,0,0
1.453067572452,0,-1,-1,-1,11.861281309958,62.7384726033642,0,0.412462547174,0,0
1.463220092189,0,-1,-1,-1,12.1270736551346,65.3842329931378,0,0.422615066911,0,0
1.473372611926,0,-1,-1,-1,12.3928660003111,68.070843813572,0,0.432767586648,0,0
1.486063261597,0,-1,-1,-1,12.7251064317752,71.4849733954942,0,0.445458236319,0,0
1.497401437045,0,-1,-1,-1,13.0219391708798,74.5851774773211,0,0.456796411767,0,0
1.508739612493,0,-1,-1,-1,13.3187719099844,77.7296265690618,0,0.468134587215,0,0
1.522912331803,0,-1,-1,-1,13.6898128338651,81.719915170354,0,0.482307306525,0,0
1.53524358695,0,-1,-1,-1,14.0126443386931,85.244562818906,0,0.494638561672,0,0
1.547574842097,0,-1,-1,-1,14.335475843521,88.8174657369662,0,0.506969816819,0,0
1.559381524268,0,-1,-1,-1,14.6445740599517,92.281690666095,0,0.51877649899,0,0
1.571188206439,0,-1,-1,-1,14.9536722763824,95.7853773708745,0,0.530583181161,0,0
1.58299488861,0,-1,-1,-1,15.2627704928131,99.3258052146318,0,0.542389863332,0,0
1.597753241324,0,-1,-1,-1,15.649143263358,103.800802280474,0,0.557148216046,0,0
1.610953631277,0,-1,-1,-1,15.9947286641986,107.848612330839,0,0.570348605999,0,0
1.62415402123,0,-1,-1,-1,16.3403140650391,111.937451561871,0,0.583548995952,0,0
1.637354411183,0,-1,-1,-1,16.6858994658797,116.064302861162,0,0.596749385905,0,0
1.650554801136,0,-1,-1,-1,17.0314848667202,120.225523682789,0,0.609949775858,0,0
1.663755191089,0,-1,-1,-1,17.3770702675608,124.418331360036,0,0.623150165811,0,0
1.676955581042,0,-1,-1,-1,17.7226556684013,128.64124492742,0,0.636350555764,0,0
1.693456068483,0,-1,-1,-1,18.1546374194454,133.960184744008,0,0.652851043205,0,0
1.70830650718,0,-1,-1,-1,18.5434209953878,138.782308580408,0,0.667701481902,0,0
1.723156945877,0,-1,-1,-1,18.9322045713301,143.632571970302,0,0.682551920599,0,0
1.738007384574,0,-1,-1,-1,19.3209881472725,148.506639416928,0,0.697402359296,0,0
1.752857823271,0,-1,-1,-1,19.7097717232148,153.403233583368,0,0.712252797993,0,0
1.766223218098,0,-1,-1,-1,20.0596769415551,157.828556605429,0,0.72561819282,0,0
1.782929961632,0,-1,-1,-1,20.4970584644869,163.380610241911,0,0.742324936354,0,0
1.797966030812,0,-1,-1,-1,20.8907018351099,168.391831368533,0,0.757361005534,0,0
1.813002099992,0,-1,-1,-1,21.2843452057328,173.412851172177,0,0.772397074714,0,0
1.828038169172,0,-1,-1,-1,21.6779885763558,178.442261187381,0,0.787433143894,0,0
1.843074238352,0,-1,-1,-1,22.0716319469788,183.478984179981,0,0.802469213074,0,0
1.861869324827,0,-1,-1,-1,22.5636861602575,189.780587301699,0,0.821264299549,0,0
1.878784902654,0,-1,-1,-1,23.0065349521952,195.45188753285,0,0.838179877376,0,0
1.895700480481,0,-1,-1,-1,23.449383744133,201.118815736747,0,0.855095455203,0,0
1.912616058308,0,-1,-1,-1,23.8922325360707,206.779505621243,0,0.87201103303,0,0
1.929531636135,0,-1,-1,-1,24.3350813280085,212.432112774256,0,0.888926610857,0,0
1.950676108419,0,-1,-1,-1,24.8886423179372,219.480943409108,0,0.910071083141,0,0
1.969706133474,0,-1,-1,-1,25.3868472088573,225.803136491041,0,0.929101108196,0,0
1.993493664793,0,-1,-1,-1,26.0096033225141,233.671485158546,0,0.952888639515,0,0
2.017281196112,0,-1,-1,-1,26.6323593407098,241.497071238639,0,0.976676170834,0,0
2.041068727431,0,-1,-1,-1,27.2551149973148,249.273952209925,0,1.000463702153,0,0
2.06485625875,0,-1,-1,-1,27.8778702505169,256.995288355445,0,1.024251233472,0,0
2.088643790069,0,-1,-1,-1,28.5006250687299,264.655893746017,0,1.048038764791,0,0
2.112431321388,0,-1,-1,-1,29.1233794169817,272.252365370515,0,1.07182629611,0,0
2.142165735537,0,-1,-1,-1,29.9018216318638,281.652231284564,0,1.101560710259,0,0
2.171900149686,0,-1,-1,-1,30.6802629657832,290.938789806589,0,1.131295124408,0,0
2.209068167372,0,-1,-1,-1,31.6533132429683,302.379675521781,0,1.168463142094,0,0
2.242519383289,0,-1,-1,-1,32.5290569967705,312.513458795428,0,1.201914358011,0,0
2.284333403185,0,-1,-1,-1,33.6237343834412,324.958008248221,0,1.243728377907,0,0
2.321966021091,0,-1,-1,-1,34.6089414764715,335.942837028044,0,1.281360995813,0,0
2.359598638997,0,-1,-1,-1,35.5941457065402,346.724968238251,0,1.318993613719,0,0
2.397231256903,0,-1,-1,-1,36.579346537483,357.308171242853,0,1.356626231625,0,0
2.434863874809,0,-1,-1,-1,37.5645432903461,367.695702916244,0,1.394258849531,0,0
2.472496492715,0,-1,-1,-1,38.5497350924635,377.893711524159,0,1.431891467437,0,0
2.510129110621,0,-1,-1,-1,39.53492080307,387.911761507943,0,1.469524085343,0,0
2.557169883003,0,-1,-1,-1,40.7663920097282,400.1946719924,0,1.516564857725,0,0
2.599506578147,0,-1,-1,-1,41.8747024181369,411.036358537385,0,1.558901552869,0,0
2.641843273291,0,-1,-1,-1,42.9829951050866,421.694469925386,0,1.601238248013,0,0
2.684179968435,0,-1,-1,-1,44.091262946621,432.186721690168,0,1.643574943157,0,0
2.726516663579,0,-1,-1,-1,45.1994944102556,442.529771944516,0,1.685911638301,0,0
2.779437532509,0,-1,-1,-1,46.5847006948331,455.27719776426,0,1.738832507231,0,0
2.827066314546,0,-1,-1,-1,47.8312423506038,466.605764612145,0,1.786461289268,0,0
2.874695096583,0,-1,-1,-1,49.0774865992407,477.823151734644,0,1.834090071305,0,0
2.92232387862,0,-1,-1,-1,50.3228889764559,488.95326398598,0,1.881718853342,0,0
2.969877299281,0,-1,-1,-1,51.5615912413659,500.000000050101,0,1.929272274003,0,0
2.969877299281,0,-1,-1,-1,51.5615912413659,500.000000050101,0,1.929272274003,0,0
2.969877299281,0,-1,-1,-1,51.5615912413659,500.000000050101,0,1.929272274003,0,0
2.969877299281,0,-1,-1,-1,51.5615912413659,500.000000050101,0,1.929272274003,0,0
2.969877299281,0,-1,-1,-1,51.5615912413659,500.000000050101,0,1.929272274003,0,0
2.973470414598,0,-1,-1,-1,51.6543083138485,500.832379753616,0,1.929272274003,0,0
2.977063529915,0,-1,-1,-1,51.7466255764336,501.664427882253,0,1.929272274003,0,0
2.981363702249,0,-1,-1,-1,51.8562912054943,502.659683465448,0,1.929272274003,0,0
2.985663874583,0,-1,-1,-1,51.9644179352784,503.654333777315,0,1.929272274003,0,0
2.989964046917,0,-1,-1,-1,52.0694995082069,504.648226099569,0,1.929272274003,0,0
2.997489348501,0,-1,-1,-1,52.2311801691417,506.385074922259,0,1.929272274003,0,0
3.002066681779,0,-1,-1,-1,52.29291954802,507.438956810374,0,1.929272274003,0,0
3.006644015057,0,-1,-1,-1,52.3218222853488,508.488755911345,0,1.929272274003,0,0
3.010763615007,0,-1,-1,-1,52.3338389094047,509.427949971169,0,1.929272274003,0,0
3.014883214957,0,-1,-1,-1,52.3404275205326,510.359181879269,0,1.929272274003,0,0
3.019002814907,0,-1,-1,-1,52.3444836397895,511.279848088273,0,1.929272274003,0,0
3.023122414857,0,-1,-1,-1,52.3472040915343,512.187649192076,0,1.929272274003,0,0
3.028271914794,0,-1,-1,-1,52.3495471581741,513.302215921665,0,1.929272274003,0,0
3.033421414731,0,-1,-1,-1,52.3511945003093,514.39261311308,0,1.929272274003,0,0
3.039858289652,0,-1,-1,-1,52.3526702593728,515.722872807553,0,1.929272274003,0,0
3.046295164573,0,-1,-1,-1,52.3537430343733,517.02148260559,0,1.929272274003,0,0
3.052732039494,0,-1,-1,-1,52.3545572604947,518.295468282202,0,1.929272274003,0,0
3.059168914415,0,-1,-1,-1,52.3551959300428,519.550648581061,0,1.929272274003,0,0
3.065605789336,0,-1,-1,-1,52.3557100389385,520.788957591724,0,1.929272274003,0,0
3.072042664257,0,-1,-1,-1,52.3561326174827,522.006736066391,0,1.929272274003,0,0
3.078479539178,0,-1,-1,-1,52.3564859870341,523.198343580044,0,1.929272274003,0,0
3.084916414099,0,-1,-1,-1,52.3567857678403,524.359135119388,0,1.929272274003,0,0
3.09135328902,0,-1,-1,-1,52.3570432147597,525.486852297139,0,1.929272274003,0,0
3.097790163941,0,-1,-1,-1,52.3572666408595,526.582049094915,0,1.929272274003,0,0
3.105836257592,0,-1,-1,-1,52.3575074929878,527.910099167149,0,1.929272274003,0,0
3.113882351243,0,-1,-1,-1,52.3577140569838,529.198167643075,0,1.929272274003,0,0
3.121928444894,0,-1,-1,-1,52.3578930964994,530.450334169117,0,1.929272274003,0,0
3.129974538545,0,-1,-1,-1,52.3580497072028,531.6671216988,0,1.929272274003,0,0
3.138020632196,0,-1,-1,-1,52.3581878007893,532.846028586125,0,1.929272274003,0,0
3.146066725847,0,-1,-1,-1,52.3583104297885,533.984021743236,0,1.929272274003,0,0
3.156124342911,0,-1,-1,-1,52.3584456035793,535.34438294134,0,1.929272274003,0,0
3.168696364241,0,-1,-1,-1,52.3585914066474,536.947820291733,0,1.929272274003,0,0
3.179710043189,0,-1,-1,-1,52.3587019397026,538.269674619703,0,1.929272274003,0,0
3.190723722137,0,-1,-1,-1,52.3587993211586,539.522430561928,0,1.929272274003,0,0
3.201737401085,0,-1,-1,-1,52.3588857022403,540.70892356936,0,1.929272274003,0,0
3.212751080033,0,-1,-1,-1,52.3589627893774,541.825074384309,0,1.929272274003,0,0
3.223764758981,0,-1,-1,-1,52.3590319534868,542.864856073985,0,1.929272274003,0,0
3.234778437929,0,-1,-1,-1,52.359094308552,543.826965163977,0,1.929272274003,0,0
3.245792116877,0,-1,-1,-1,52.3591507691096,544.718095277526,0,1.929272274003,0,0
3.25570442793,0,-1,-1,-1,52.3591971728288,545.464340062148,0,1.929272274003,0,0
3.265616738983,0,-1,-1,-1,52.3592398827041,546.159448904316,0,1.929272274003,0,0
3.275529050036,0,-1,-1,-1,52.3592792971331,546.802086682947,0,1.929272274003,0,0
3.285441361089,0,-1,-1,-1,52.3593157592177,547.390321614532,0,1.929272274003,0,0
3.297831749905,0,-1,-1,-1,52.3593576339044,548.048463968977,0,1.929272274003,0,0
3.310222138721,0,-1,-1,-1,52.3593958541134,548.622981981874,0,1.929272274003,0,0
3.322612527537,0,-1,-1,-1,52.3594308407044,549.11910060272,0,1.929272274003,0,0
3.335002916353,0,-1,-1,-1,52.3594629523097,549.541392512423,0,1.929272274003,0,0
3.350490902373,0,-1,-1,-1,52.3594995131786,549.966340469729,0,1.929272274003,0,0
3.364430089791,0,-1,-1,-1,52.3595294082138,550.249869710462,0,1.929272274003,0,0
3.378369277209,0,-1,-1,-1,52.3595567785964,550.440369473464,0,1.929272274003,0,0
3.392308464627,0,-1,-1,-1,52.3595818933495,550.543003693439,0,1.929272274003,0,0
3.406247652045,0,-1,-1,-1,52.3596049845876,550.56416577279,0,1.929272274003,0,0
3.423671636317,0,-1,-1,-1,52.3596313072517,550.480109502643,0,1.929272274003,0,0
3.441095620589,0,-1,-1,-1,52.3596551183951,550.274084242557,0,1.929272274003,0,0
3.458519604861,0,-1,-1,-1,52.3596767042656,549.948926345134,0,1.929272274003,0,0
3.475943589133,0,-1,-1,-1,52.3596963092056,549.513049216812,0,1.929272274003,0,0
3.493367573405,0,-1,-1,-1,52.3597141430497,548.975874442819,0,1.929272274003,0,0
3.515147553745,0,-1,-1,-1,52.3597342184798,548.168972339968,0,1.929272274003,0,0
3.534749536051,0,-1,-1,-1,52.3597504118929,547.318912232103,0,1.929272274003,0,0
3.554351518357,0,-1,-1,-1,52.3597650248129,546.359341785116,0,1.929272274003,0,0
3.573953500663,0,-1,-1,-1,52.3597782191487,545.301560779036,0,1.929272274003,0,0
3.593555482969,0,-1,-1,-1,52.359790135425,544.154973240189,0,1.929272274003,0,0
3.613157465275,0,-1,-1,-1,52.3598008961998,542.925235637977,0,1.929272274003,0,0
3.632759447581,0,-1,-1,-1,52.359810608847,541.618103444056,0,1.929272274003,0,0
3.652361429887,0,-1,-1,-1,52.3598193678371,540.242691953792,0,1.929272274003,0,0
3.671963412193,0,-1,-1,-1,52.3598272566186,538.809489514179,0,1.929272274003,0,0
3.691565394499,0,-1,-1,-1,52.3598343491803,537.324802519253,0,1.929272274003,0,0
3.711167376805,0,-1,-1,-1,52.3598407113547,535.791896791313,0,1.929272274003,0,0
3.730769359111,0,-1,-1,-1,52.3598464019113,534.218202009664,0,1.929272274003,0,0
3.750371341417,0,-1,-1,-1,52.3598514734797,532.615413390003,0,1.929272274003,0,0
3.769973323723,0,-1,-1,-1,52.3598559733305,530.989904432151,0,1.929272274003,0,0
3.789575306029,0,-1,-1,-1,52.3598599440405,529.343165837836,0,1.929272274003,0,0
3.807217090104,0,-1,-1,-1,52.3598630971217,527.847067989036,0,1.929272274003,0,0
3.824858874179,0,-1,-1,-1,52.3598658782887,526.34539879703,0,1.929272274003,0,0
3.842500658254,0,-1,-1,-1,52.3598683109031,524.844132509776,0,1.929272274003,0,0
3.860142442329,0,-1,-1,-1,52.3598704164103,523.345084558264,0,1.929272274003,0,0
3.877784226404,0,-1,-1,-1,52.3598722145318,521.84940062887,0,1.929272274003,0,0
3.895426010479,0,-1,-1,-1,52.3598737234348,520.361322589098,0,1.929272274003,0,0
3.913067794554,0,-1,-1,-1,52.3598749598827,518.886840225647,0,1.929272274003,0,0
3.930709578629,0,-1,-1,-1,52.359875939368,517.43009601464,0,1.929272274003,0,0
3.948351362704,0,-1,-1,-1,52.3598766762303,515.991273410954,0,1.929272274003,0,0
3.965993146779,0,-1,-1,-1,52.359877183762,514.570997259609,0,1.929272274003,0,0
3.983634930854,0,-1,-1,-1,52.3598774743016,513.174690272809,0,1.929272274003,0,0
4.001276714929,0,-1,-1,-1,52.3598775598299,511.80859848222,0,1.929272274003,0,0
4.018918499004,0,-1,-1,-1,52.3598775598299,510.472382993986,0,1.929272274003,0,0
4.036560283079,0,-1,-1,-1,52.3598775598299,509.16418048763,0,1.929272274003,0,0
4.054202067154,0,-1,-1,-1,52.3598775598299,507.886895954589,0,1.929272274003,0,0
4.071843851229,0,-1,-1,-1,52.3598775598299,506.646293187362,0,1.929272274003,0,0
4.089485635304,0,-1,-1,-1,52.3598775598299,505.444901684086,0,1.929272274003,0,0
4.107127419379,0,-1,-1,-1,52.3598775598299,504.281114200893,0,1.929272274003,0,0
4.124769203454,0,-1,-1,-1,52.3598775598299,503.153856834244,0,1.929272274003,0,0
4.142410987529,0,-1,-1,-1,52.3598775598299,502.066202420916,0,1.929272274003,0,0
4.160052771604,0,-1,-1,-1,52.3598775598299,501.023029354717,0,1.929272274003,0,0
4.177694555679,0,-1,-1,-1,52.3598775598299,500.024358055102,0,1.929272274003,0,0
4.178134300871,0,-1,-1,-1,52.3598775598299,499.999999949996,0,1.929272274003,0,0
4.178134300871,0,-1,-1,-1,52.3598775598299,499.999999949996,0,1.929272274003,0,0
4.178134300871,0,-1,-1,-1,52.3598775598299,499.999999949996,0,1.929272274003,0,0
4.180032743545,0,-1,-1,-1,52.3598775598299,499.895184451762,0,1.929272274003,0,0
4.181428631763,0,-1,-1,-1,52.3598775598299,499.818393348843,0,1.929272274003,0,0
4.182983190945,0,-1,-1,-1,52.3598775598299,499.733137817182,0,1.929272274003,0,0
4.184537750127,0,-1,-1,-1,52.3598775598299,499.648152073858,0,1.929272274003,0,0
4.186092309309,0,-1,-1,-1,52.3598775598299,499.563443177348,0,1.929272274003,0,0
4.188812787877,0,-1,-1,-1,52.3598775598299,499.415725703663,0,1.929272274003,0,0
4.191533266445,0,-1,-1,-1,52.3598775598299,499.268858586269,0,1.929272274003,0,0
4.196294103939,0,-1,-1,-1,52.3598775598299,499.014192093269,0,1.929272274003,0,0
4.204625569553,0,-1,-1,-1,52.3598775598299,498.576463099204,0,1.929272274003,0,0
4.219205634377,0,-1,-1,-1,52.3598775598299,497.835934308771,0,1.929272274003,0,0
4.233785699201,0,-1,-1,-1,52.3598775598299,497.127111940193,0,1.929272274003,0,0
4.248365764025,0,-1,-1,-1,52.3598775598299,496.448468126791,0,1.929272274003,0,0
4.261487822366,0,-1,-1,-1,52.3598775598299,495.862820714766,0,1.929272274003,0,0
4.274609880707,0,-1,-1,-1,52.3598775598299,495.301267266448,0,1.929272274003,0,0
4.287731939048,0,-1,-1,-1,52.3598775598299,494.764482800344,0,1.929272274003,0,0
4.300853997389,0,-1,-1,-1,52.3598775598299,494.252776399862,0,1.929272274003,0,0
4.323817599486,0,-1,-1,-1,52.3598775598299,493.416840208105,0,1.929272274003,0,0
4.346781201583,0,-1,-1,-1,52.3598775598299,492.655240235294,0,1.929272274003,0,0
4.36974480368,0,-1,-1,-1,52.3598775598299,491.966763597509,0,1.929272274003,0,0
4.40993110735,0,-1,-1,-1,52.3598775598299,490.935935717303,0,1.929272274003,0,0
4.443974133683,0,-1,-1,-1,52.3598775598299,490.231247924781,0,1.929272274003,0,0
4.478017160016,0,-1,-1,-1,52.3598775598299,489.674116909916,0,1.929272274003,0,0
4.512060186349,0,-1,-1,-1,52.3598775598299,489.257585528516,0,1.929272274003,0,0
4.546103212682,0,-1,-1,-1,52.3598775598299,488.974518858463,0,1.929272274003,0,0
4.580146239015,0,-1,-1,-1,52.3598775598299,488.816636446367,0,1.929272274003,0,0
4.639721535098,0,-1,-1,-1,52.3598775598299,488.814862029002,0,1.929272274003,0,0
4.699296831181,0,-1,-1,-1,52.3598775598299,489.119851436663,0,1.929272274003,0,0
4.751878411571,0,-1,-1,-1,52.3598775598299,489.603658064715,0,1.929272274003,0,0
4.843896177253,0,-1,-1,-1,52.3598775598299,490.826357765429,0,1.929272274003,0,0
4.923675404102,0,-1,-1,-1,52.3598775598299,492.154791200492,0,1.929272274003,0,0
4.995476708266,0,-1,-1,-1,52.3598775598299,493.468789840523,0,1.929272274003,0,0
5.060097882013,0,-1,-1,-1,52.3598775598299,494.68720403103,0,1.929272274003,0,0
5.118256938385,0,-1,-1,-1,52.3598775598299,495.775045886657,0,1.929272274003,0,0
5.17060008912,0,-1,-1,-1,52.3598775598299,496.723752992113,0,1.929272274003,0,0
5.222943239855,0,-1,-1,-1,52.3598775598299,497.626360641347,0,1.929272274003,0,0
5.27528639059,0,-1,-1,-1,52.3598775598299,498.469133522432,0,1.929272274003,0,0
5.327629541325,0,-1,-1,-1,52.3598775598299,499.241436321142,0,1.929272274003,0,0
5.37997269206,0,-1,-1,-1,52.3598775598299,499.935409272081,0,1.929272274003,0,0
5.38516669,0,-1,-1,-1,52.3598775598299,499.999779611317,0,1.929272274003,0,0
5.385184592738,0,-1,-1,-1,52.3598775598299,500.00000005,0,1.929272274003,0,0
5.385184592738,0,-1,-1,-1,52.3598775598299,500.00000005,0,1.929272274003,0,0
5.385184592738,0,-1,-1,-1,52.3598775598299,500.00000005,0,1.929272274003,0,0
5.386207034738,0,-1,-1,-1,52.3598775598299,500.012560744522,0,1.929272274003,0,0
5.38851746915,0,-1,-1,-1,52.3598775598299,500.040770372113,0,1.929272274003,0,0
5.390827903562,0,-1,-1,-1,52.3598775598299,500.068814937522,0,1.929272274003,0,0
5.393138337974,0,-1,-1,-1,52.3598775598299,500.096694333399,0,1.929272274003,0,0
5.401852976434,0,-1,-1,-1,52.3598775598299,500.200570296155,0,1.929272274003,0,0
5.409315352256,0,-1,-1,-1,52.3598775598299,500.287711676752,0,1.929272274003,0,0
5.416777728078,0,-1,-1,-1,52.3598775598299,500.373133438004,0,1.929272274003,0,0
5.431362047438,0,-1,-1,-1,52.3598775598299,500.535036397381,0,1.929272274003,0,0
5.445946366798,0,-1,-1,-1,52.3598775598299,500.690234218141,0,1.929272274003,0,0
5.460530686158,0,-1,-1,-1,52.3598775598299,500.838690760649,0,1.929272274003,0,0
5.475115005518,0,-1,-1,-1,52.3598775598299,500.980390487403,0,1.929272274003,0,0
5.500637564398,0,-1,-1,-1,52.3598775598299,501.212113254718,0,1.929272274003,0,0
5.526160123278,0,-1,-1,-1,52.3598775598299,501.42319838161,0,1.929272274003,0,0
5.551682682158,0,-1,-1,-1,52.3598775598299,501.613789754474,0,1.929272274003,0,0
5.596347160198,0,-1,-1,-1,52.3598775598299,501.898927045156,0,1.929272274003,0,0
5.641011638238,0,-1,-1,-1,52.3598775598299,502.124221635944,0,1.929272274003,0,0
5.685676116278,0,-1,-1,-1,52.3598775598299,502.292396936843,0,1.929272274003,0,0
5.730340594318,0,-1,-1,-1,52.3598775598299,502.406806420816,0,1.929272274003,0,0
5.775005072358,0,-1,-1,-1,52.3598775598299,502.471316060674,0,1.929272274003,0,0
5.853167908928,0,-1,-1,-1,52.3598775598299,502.476892338092,0,1.929272274003,0,0
5.931330745498,0,-1,-1,-1,52.3598775598299,502.367209253371,0,1.929272274003,0,0
5.999999990001,0,-1,-1,-1,52.3598775598299,502.196125220003,0,1.929272274003,0,0
6.000000000001,0,-1,-1,-1,52.3598775598299,502.196125190927,0,1.929272274003,0,0
6.000000000001,0,1,-1,1,52.3598775598299,502.196125190927,0,1.929272274003,0,0
6.000000000001,0,1,-1,1,52.3598775598299,502.196125190927,0,1.929272274003,0,0
6.000000000001,0,1,-1,1,52.3598775598299,502.196125190927,0,1.929272274003,0,0
6.003357060316,0,1,-1,1,52.3598775598299,502.186239771423,0,1.929272274003,0,0
6.006714120631,0,1,-1,1,52.3598775598299,502.176233891605,0,1.929272274003,0,0
6.01045510361,0,1,-1,1,52.3598775598299,502.164936816662,0,1.929272274003,0,0
6.014196086589,0,1,-1,1,52.3598775598299,502.153495521067,0,1.929272274003,0,0
6.017937069568,0,1,-1,1,52.3598775598299,502.14191266356,0,1.929272274003,0,0
6.024483789781,0,1,-1,1,52.3598775598299,502.121390195873,0,1.929272274003,0,0
6.031030509994,0,1,-1,1,52.3598775598299,502.100478092383,0,1.929272274003,0,0
6.042487270367,0,1,-1,1,52.3598775598299,502.06293795618,0,1.929272274003,0,0
6.05394403074,0,1,-1,1,52.3598775598299,502.024245651915,0,1.929272274003,0,0
6.073993361393,0,1,-1,1,52.3598775598299,501.954016662209,0,1.929272274003,0,0
6.094042692046,0,1,-1,1,52.3598775598299,501.880857180653,0,1.929272274003,0,0
6.114092022699,0,1,-1,1,52.3598775598299,501.805133045737,0,1.929272274003,0,0
6.134141353352,0,1,-1,1,52.3598775598299,501.727210657225,0,1.929272274003,0,0
6.169227681995,0,1,-1,1,52.3598775598299,501.586514778337,0,1.929272274003,0,0
6.204314010638,0,1,-1,1,52.3598775598299,501.441959610346,0,1.929272274003,0,0
6.240855908218,0,1,-1,1,52.3598775598299,501.289230788502,0,1.929272274003,0,0
6.277397805798,0,1,-1,1,52.3598775598299,501.136101585031,0,1.929272274003,0,0
6.313939703378,0,1,-1,1,52.3598775598299,500.984242140073,0,1.929272274003,0,0
6.350481600958,0,1,-1,1,52.3598775598299,500.835155568569,0,1.929272274003,0,0
6.387023498538,0,1,-1,1,52.3598775598299,500.690183097698,0,1.929272274003,0,0
6.432700870513,0,1,-1,1,52.3598775598299,500.516561594496,0,1.929272274003,0,0
6.478378242488,0,1,-1,1,52.3598775598299,500.353183829473,0,1.929272274003,0,0
6.535474957457,0,1,-1,1,52.3598775598299,500.165723746351,0,1.929272274003,0,0
6.5914592,0,1,-1,1,52.3598775598299,500.002008308526,0,1.929272274003,0,0
6.59219352569,0,1,-1,1,52.3598775598299,499.999999949999,0,1.929272274003,0,0
6.59219352569,0,1,-1,1,52.3598775598299,499.999999949999,0,1.929272274003,0,0
6.59219352569,0,1,-1,1,52.3598775598299,499.999999949999,0,1.929272274003,0,0
6.597391602032,0,1,-1,1,52.3598775598299,499.985951647709,0,1.929272274003,0,0
6.601595048876,0,1,-1,1,52.3598775598299,499.974736542416,0,1.929272274003,0,0
6.60579849572,0,1,-1,1,52.3598775598299,499.963643091048,0,1.929272274003,0,0
6.620247752814,0,1,-1,1,52.3598775598299,499.926302621849,0,1.929272274003,0,0
6.633114649551,0,1,-1,1,52.3598775598299,499.894227024305,0,1.929272274003,0,0
6.645981546288,0,1,-1,1,52.3598775598299,499.863296313472,0,1.929272274003,0,0
6.667215133903,0,1,-1,1,52.3598775598299,499.81479239734,0,1.929272274003,0,0
6.688448721518,0,1,-1,1,52.3598775598299,499.769458989472,0,1.929272274003,0,0
6.709682309133,0,1,-1,1,52.3598775598299,499.727298989729,0,1.929272274003,0,0
6.730915896748,0,1,-1,1,52.3598775598299,499.688303185417,0,1.929272274003,0,0
6.768074675074,0,1,-1,1,52.3598775598299,499.627608870034,0,1.929272274003,0,0
6.8052334534,0,1,-1,1,52.3598775598299,499.576365221279,0,1.929272274003,0,0
6.842392231726,0,1,-1,1,52.3598775598299,499.534306661412,0,1.929272274003,0,0
6.907420093796,0,1,-1,1,52.3598775598299,499.481654253391,0,1.929272274003,0,0
6.965945169659,0,1,-1,1,52.3598775598299,499.455458510246,0,1.929272274003,0,0
7.024470245522,0,1,-1,1,52.3598775598299,499.44727768202,0,1.929272274003,0,0
7.082995321385,0,1,-1,1,52.3598775598299,499.454885355089,0,1.929272274003,0,0
7.141520397248,0,1,-1,1,52.3598775598299,499.475932606852,0,1.929272274003,0,0
7.200045473111,0,1,-1,1,52.3598775598299,499.508033080987,0,1.929272274003,0,0
7.302464355871,0,1,-1,1,52.3598775598299,499.583816824457,0,1.929272274003,0,0
7.404883238631,0,1,-1,1,52.3598775598299,499.67444080116,0,1.929272274003,0,0
7.507302121391,0,1,-1,1,52.3598775598299,499.76952659611,0,1.929272274003,0,0
7.599479115875,0,1,-1,1,52.3598775598299,499.851967944518,0,1.929272274003,0,0
7.691656110359,0,1,-1,1,52.3598775598299,499.926713390938,0,1.929272274003,0,0
7.783833104843,0,1,-1,1,52.3598775598299,499.990676310359,0,1.929272274003,0,0
7.79872786,0,1,-1,1,52.3598775598299,499.999866260578,0,1.929272274003,0,0
7.798948754501,0,1,-1,1,52.3598775598299,500.00000005,0,1.929272274003,0,0
7.798948754501,0,1,-1,1,52.3598775598299,500.00000005,0,1.929272274003,0,0
7.798948754501,0,1,-1,1,52.3598775598299,500.00000005,0,1.929272274003,0,0
7.801978153748,0,1,-1,1,52.3598775598299,500.001822082482,0,1.929272274003,0,0
7.810572004716,0,1,-1,1,52.3598775598299,500.006873429272,0,1.929272274003,0,0
7.819165855684,0,1,-1,1,52.3598775598299,500.011811663205,0,1.929272274003,0,0
7.827759706652,0,1,-1,1,52.3598775598299,500.016636252262,0,1.929272274003,0,0
7.853213843822,0,1,-1,1,52.3598775598299,500.030367551341,0,1.929272274003,0,0
7.876122567275,0,1,-1,1,52.3598775598299,500.041902075479,0,1.929272274003,0,0
7.912829662399,0,1,-1,1,52.3598775598299,500.058690562372,0,1.929272274003,0,0
7.949536757523,0,1,-1,1,52.3598775598299,500.073400276238,0,1.929272274003,0,0
7.986243852647,0,1,-1,1,52.3598775598299,500.086051989965,0,1.929272274003,0,0
8.022950947771,0,1,-1,1,52.3598775598299,500.096688588809,0,1.929272274003,0,0
8.087188364238,0,1,-1,1,52.3598775598299,500.110634767503,0,1.929272274003,0,0
8.151425780705,0,1,-1,1,52.3598775598299,500.119013739794,0,1.929272274003,0,0
8.215663197172,0,1,-1,1,52.3598775598299,500.122374927931,0,1.929272274003,0,0
8.279900613639,0,1,-1,1,52.3598775598299,500.121350738703,0,1.929272274003,0,0
8.344138030106,0,1,-1,1,52.3598775598299,500.116622358816,0,1.929272274003,0,0
8.456553508923,0,1,-1,1,52.3598775598299,500.101507211549,0,1.929272274003,0,0
8.56896898774,0,1,-1,1,52.3598775598299,500.080817353611,0,1.929272274003,0,0
8.681384466557,0,1,-1,1,52.3598775598299,500.057841244402,0,1.929272274003,0,0
8.793799945374,0,1,-1,1,52.3598775598299,500.035253097148,0,1.929272274003,0,0
8.906215424191,0,1,-1,1,52.3598775598299,500.015015569531,0,1.929272274003,0,0
8.99954425,0,1,-1,1,52.3598775598299,500.000919751648,0,1.929272274003,0,0
9.000000000001,0,1,-1,1,52.3598775598299,500.000857748046,0,1.929272274003,0,0
9.000000000001,0,1,-1,1,52.3598775598299,500.000857748046,0,1.929272274003,0,0
9.000000000001,0,1,-1,1,52.3598775598299,500.000857748046,0,1.929272274003,0,0
9.000000000001,0,1,-1,1,52.3598775598299,500.000857748046,0,1.929272274003,0,0
9.003711025699,0,1,-1,1,52.3598775598299,500.000357133261,0,1.929272274003,0,0
9.006379513994,0,1,-1,1,52.3598775598299,499.99999995,0,1.929272274003,0,0
9.006379513994,0,1,-1,1,52.3598775598299,499.99999995,0,1.929272274003,0,0
9.006379513994,0,1,-1,1,52.3598775598299,499.99999995,0,1.929272274003,0,0
9.010025433978,0,1,-1,1,52.3598775598299,499.999513812977,0,1.929272274003,0,0
9.03235669388,0,1,-1,1,52.3598775598299,499.996721250569,0,1.929272274003,0,0
9.050197900732,0,1,-1,1,52.3598775598299,499.99459908478,0,1.929272274003,0,0
9.077042176725,0,1,-1,1,52.3598775598299,499.991652958336,0,1.929272274003,0,0
9.10109468013,0,1,-1,1,52.3598775598299,499.989211811878,0,1.929272274003,0,0
9.125147183535,0,1,-1,1,52.3598775598299,499.98696781517,0,1.929272274003,0,0
9.14919968694,0,1,-1,1,52.3598775598299,499.984919369022,0,1.929272274003,0,0
9.219162613714,0,1,-1,1,52.3598775598299,499.97985372835,0,1.929272274003,0,0
9.27406902236,0,1,-1,1,52.3598775598299,499.976918636095,0,1.929272274003,0,0
9.336156303076,0,1,-1,1,52.3598775598299,499.974671946181,0,1.929272274003,0,0
9.398243583792,0,1,-1,1,52.3598775598299,499.973478002477,0,1.929272274003,0,0
9.460330864508,0,1,-1,1,52.3598775598299,499.97322621098,0,1.929272274003,0,0
9.522418145224,0,1,-1,1,52.3598775598299,499.97379242243,0,1.929272274003,0,0
9.559918145224,0,1,-1,1,52.3598775598299,499.974603095752,0,1.929272274003,0,0
9.600415726766,0,1,-1,1,52.3598775598299,499.97569896584,0,1.929272274003,0,0
9.640913308308,0,1,-1,1,52.3598775598299,499.976979447175,0,1.929272274003,0,0
9.68141088985,0,1,-1,1,52.3598775598299,499.978409877658,0,1.929272274003,0,0
9.732032866777,0,1,-1,1,52.3598775598299,499.980319983969,0,1.929272274003,0,0
9.795310337936,0,1,-1,1,52.3598775598299,499.982895949119,0,1.929272274003,0,0
9.858587809095,0,1,-1,1,52.3598775598299,499.985606022297,0,1.929272274003,0,0
9.937684648044,0,1,-1,1,52.3598775598299,499.989031380042,0,1.929272274003,0,0
9.999999990001,0,1,-1,1,52.3598775598299,499.991679324392,0,1.929272274003,0,0
10.000000000001,0,1,-1,1,52.3598775598299,499.991679324812,0,1.929272274003,0,0
10.000000000001,0,1,1,1,52.3598775598299,499.991679324812,0,1.929272274003,0,0
10.000000000001,0,1,1,1,52.3598775598299,499.991679324812,0,1.929272274003,0,0
10.000000000001,0,1,1,1,52.3598775598299,499.991679324812,0,1.929272274003,0,0
10.001112773965,0.001112773964,1,1,1,52.3598775598299,498.581654671855,0,1.929272274003,0,0
10.002642838165,0.002642838164,1,1,1,52.3598775598299,496.663463095728,0,1.929272274003,0,0
10.004411153271,0.00441115327,1,1,1,52.3598775598299,494.488439441832,0,1.929272274003,0,0
10.006179468377,0.006179468376,1,1,1,52.3598775598299,492.377401738521,0,1.929272274003,0,0
10.007284665318,0.007284665317,1,1,1,52.3598775598299,491.097300569209,0,1.929272274003,0,0
10.008666161494,0.008666161493,1,1,1,52.3598775598299,489.54580682208,0,1.929272274003,0,0
10.01004765767,0.010047657669,1,1,1,52.3598775598299,488.053266436368,0,1.929272274003,0,0
10.011429153846,0.011429153845,1,1,1,52.3598775598299,486.623404914675,0,1.929272274003,0,0
10.012810650022,0.012810650021,1,1,1,52.3598775598299,485.258265077669,0,1.929272274003,0,0
10.014192146198,0.014192146197,1,1,1,52.3598775598299,483.958270844656,0,1.929272274003,0,0
10.015919016418,0.015919016417,1,1,1,52.3598775598299,482.423286576159,0,1.929272274003,0,0
10.018077604193,0.018077604192,1,1,1,52.3598775598299,480.636866567064,0,1.929272274003,0,0
10.020236191968,0.020236191967,1,1,1,52.3598775598299,478.980705332036,0,1.929272274003,0,0
10.022394779743,0.022394779742,1,1,1,52.3598775598299,477.43077788345,0,1.929272274003,0,0
10.024553367518,0.024553367517,1,1,1,52.3598775598299,475.958418182367,0,1.929272274003,0,0
10.026711955293,0.026711955292,1,1,1,52.3598775598299,474.532247966943,0,1.929272274003,0,0
10.028870543068,0.028870543067,1,1,1,52.3598775598299,473.120166580241,0,1.929272274003,0,0
10.031568777787,0.031568777786,1,1,1,52.3598775598299,471.327906497379,0,1.929272274003,0,0
10.034267012506,0.034267012505,1,1,1,52.3598775598299,469.456285084853,0,1.929272274003,0,0
10.036965247225,0.036965247224,1,1,1,52.3598775598299,467.46442766699,0,1.929272274003,0,0
10.039663481944,0.039663481943,1,1,1,52.3598775598299,465.32668449789,0,1.929272274003,0,0
10.042361716663,0.042361716662,1,1,1,52.3598775598299,463.034040280354,0,1.929272274003,0,0
10.045059951382,0.045059951381,1,1,1,52.3598775598299,460.594072672914,0,1.929272274003,0,0
10.047758186101,0.0477581861,1,1,1,52.3598775598299,458.029427052482,0,1.929272274003,0,0
10.05045642082,0.050456420819,1,1,1,52.3598775598299,455.374904027423,0,1.929272274003,0,0
10.053154655539,0.053154655538,1,1,1,52.3598775598299,452.673503910462,0,1.929272274003,0,0
10.055852890258,0.055852890257,1,1,1,52.3598775598299,449.971916888577,0,1.929272274003,0,0
10.058551124977,0.058551124976,1,1,1,52.3598775598299,447.315946251501,0,1.929272274003,0,0
10.061249359696,0.061249359695,1,1,1,52.3598775598299,444.746282807342,0,1.929272274003,0,0
10.063947594415,0.063947594414,1,1,1,52.3598775598299,442.294983670343,0,1.929272274003,0,0
10.066645829134,0.066645829133,1,1,1,52.3598775598299,439.982941363117,0,1.929272274003,0,0
10.069344063853,0.069344063852,1,1,1,52.3598775598299,437.818535056584,0,1.929272274003,0,0
10.072042298572,0.072042298571,1,1,1,52.3598775598299,435.797532828471,0,1.929272274003,0,0
10.074740533291,0.07474053329,1,1,1,52.3598775598299,433.904184598792,0,1.929272274003,0,0
10.07743876801,0.077438768009,1,1,1,52.3598775598299,432.113333596636,0,1.929272274003,0,0
10.080137002729,0.080137002728,1,1,1,52.3598775598299,430.393290605018,0,1.929272274003,0,0
10.083509796128,0.083509796127,1,1,1,52.3598775598299,428.289666892229,0,1.929272274003,0,0
10.086882589527,0.086882589526,1,1,1,52.3598775598299,426.175332723129,0,1.929272274003,0,0
10.090255382926,0.090255382925,1,1,1,52.3598775598299,423.993512865961,0,1.929272274003,0,0
10.093628176325,0.093628176324,1,1,1,52.3598775598299,421.705310138715,0,1.929272274003,0,0
10.097000969724,0.097000969723,1,1,1,52.3598775598299,419.29414126984,0,1.929272274003,0,0
10.100373763123,0.100373763122,1,1,1,52.3598775598299,416.766462883647,0,1.929272274003,0,0
10.103746556522,0.103746556521,1,1,1,52.3598775598299,414.149151507257,0,1.929272274003,0,0
10.107119349921,0.10711934992,1,1,1,52.3598775598299,411.484229364199,0,1.929272274003,0,0
10.11049214332,0.110492143319,1,1,1,52.3598775598299,408.821799769927,0,1.929272274003,0,0
10.113864936719,0.113864936718,1,1,1,52.3598775598299,406.212251139481,0,1.929272274003,0,0
10.117237730118,0.117237730117,1,1,1,52.3598775598299,403.698911791658,0,1.929272274003,0,0
10.120610523517,0.120610523516,1,1,1,52.3598775598299,401.312237610536,0,1.929272274003,0,0
10.123983316916,0.123983316915,1,1,1,52.3598775598299,399.06629102401,0,1.929272274003,0,0
10.127356110315,0.127356110314,1,1,1,52.3598775598299,396.957846905208,0,1.929272274003,0,0
10.130728903714,0.130728903713,1,1,1,52.3598775598299,394.968053278855,0,1.929272274003,0,0
10.134101697113,0.134101697112,1,1,1,52.3598775598299,393.066228875119,0,1.929272274003,0,0
10.137474490512,0.137474490511,1,1,1,52.3598775598299,391.215110842438,0,1.929272274003,0,0
10.140847283911,0.14084728391,1,1,1,52.3598775598299,389.376698112557,0,1.929272274003,0,0
10.14506327566,0.145063275659,1,1,1,52.3598775598299,387.046638479456,0,1.929272274003,0,0
10.149279267409,0.149279267408,1,1,1,52.3598775598299,384.641141572322,0,1.929272274003,0,0
10.153495259158,0.153495259157,1,1,1,52.3598775598299,382.146689865652,0,1.929272274003,0,0
10.157711250907,0.157711250906,1,1,1,52.3598775598299,379.580822073623,0,1.929272274003,0,0
10.161927242656,0.161927242655,1,1,1,52.3598775598299,376.985354008343,0,1.929272274003,0,0
10.166143234405,0.166143234404,1,1,1,52.3598775598299,374.414592742418,0,1.929272274003,0,0
10.170359226154,0.170359226153,1,1,1,52.3598775598299,371.921978459183,0,1.929272274003,0,0
10.174575217903,0.174575217902,1,1,1,52.3598775598299,369.548317242691,0,1.929272274003,0,0
10.178791209652,0.178791209651,1,1,1,52.3598775598299,367.313887228074,0,1.929272274003,0,0
10.183007201401,0.1830072014,1,1,1,52.3598775598299,365.215696806925,0,1.929272274003,0,0
10.18722319315,0.187223193149,1,1,1,52.3598775598299,363.230097586087,0,1.929272274003,0,0
10.191439184899,0.191439184898,1,1,1,52.3598775598299,361.319806974259,0,1.929272274003,0,0
10.195655176648,0.195655176647,1,1,1,52.3598775598299,359.443418785887,0,1.929272274003,0,0
10.198914937655,0.198914937654,1,1,1,52.3598775598299,357.992237268088,0,1.929272274003,0,0
10.202174698662,0.202174698661,1,1,1,52.3598775598299,356.525598807562,0,1.929272274003,0,0
10.204928813059,0.204928813058,1,1,1,52.3598775598299,355.266523479485,0,1.929272274003,0,0
10.207682927456,0.207682927455,1,1,1,52.3598775598299,353.984109341766,0,1.929272274003,0,0
10.210437041853,0.210437041852,1,1,1,52.3598775598299,352.675843738204,0,1.929272274003,0,0
10.21319115625,0.213191156249,1,1,1,52.3598775598299,351.341796820442,0,1.929272274003,0,0
10.215945270647,0.215945270646,1,1,1,52.3598775598299,349.984598741453,0,1.929272274003,0,0
10.219387913643,0.219387913642,1,1,1,52.3598775598299,348.262742259782,0,1.929272274003,0,0
10.222830556639,0.222830556638,1,1,1,52.3598775598299,346.525206517336,0,1.929272274003,0,0
10.227133860384,0.227133860383,1,1,1,52.3598775598299,344.354040247613,0,1.929272274003,0,0
10.231006833754,0.231006833753,1,1,1,52.3598775598299,342.422595025044,0,1.929272274003,0,0
10.234879807124,0.234879807123,1,1,1,52.3598775598299,340.528508287735,0,1.929272274003,0,0
10.238752780494,0.238752780493,1,1,1,52.3598775598299,338.678739752664,0,1.929272274003,0,0
10.242625753864,0.242625753863,1,1,1,52.3598775598299,336.871227647675,0,1.929272274003,0,0
10.247466970576,0.247466970575,1,1,1,52.3598775598299,334.655627292623,0,1.929272274003,0,0
10.252308187288,0.252308187287,1,1,1,52.3598775598299,332.459040990986,0,1.929272274003,0,0
10.257149404,0.257149403999,1,1,1,52.3598775598299,330.245962585932,0,1.929272274003,0,0
10.261506499041,0.26150649904,1,1,1,52.3598775598299,328.215355307684,0,1.929272274003,0,0
10.265863594082,0.265863594081,1,1,1,52.3598775598299,326.136654320301,0,1.929272274003,0,0
10.270220689123,0.270220689122,1,1,1,52.3598775598299,324.011941105504,0,1.929272274003,0,0
10.274577784164,0.274577784163,1,1,1,52.3598775598299,321.854539893295,0,1.929272274003,0,0
10.278934879205,0.278934879204,1,1,1,52.3598775598299,319.68510305118,0,1.929272274003,0,0
10.283291974246,0.283291974245,1,1,1,52.3598775598299,317.526190420987,0,1.929272274003,0,0
10.287649069287,0.287649069286,1,1,1,52.3598775598299,315.397099523626,0,1.929272274003,0,0
10.293095438088,0.293095438087,1,1,1,52.3598775598299,312.792855927691,0,1.929272274003,0,0
10.298541806889,0.298541806888,1,1,1,52.3598775598299,310.248163092554,0,1.929272274003,0,0
10.30344353881,0.303443538809,1,1,1,52.3598775598299,307.987420904715,0,1.929272274003,0,0
10.308345270731,0.30834527073,1,1,1,52.3598775598299,305.726901122838,0,1.929272274003,0,0
10.313247002652,0.313247002651,1,1,1,52.3598775598299,303.442208187915,0,1.929272274003,0,0
10.318148734573,0.318148734572,1,1,1,52.3598775598299,301.118396999752,0,1.929272274003,0,0
10.323050466494,0.323050466493,1,1,1,52.3598775598299,298.753384860828,0,1.929272274003,0,0
10.327952198415,0.327952198414,1,1,1,52.3598775598299,296.357534138901,0,1.929272274003,0,0
10.332853930336,0.332853930335,1,1,1,52.3598775598299,293.94978474952,0,1.929272274003,0,0
10.337755662257,0.337755662256,1,1,1,52.3598775598299,291.55146763117,0,1.929272274003,0,0
10.342657394178,0.342657394177,1,1,1,52.3598775598299,289.179657087014,0,1.929272274003,0,0
10.348784559079,0.348784559078,1,1,1,52.3598775598299,286.263559418453,0,1.929272274003,0,0
10.35429900749,0.354299007489,1,1,1,52.3598775598299,283.677967961311,0,1.929272274003,0,0
10.359813455901,0.3598134559,1,1,1,52.3598775598299,281.107417105432,0,1.929272274003,0,0
10.364776459471,0.36477645947,1,1,1,52.3598775598299,278.785308529532,0,1.929272274003,0,0
10.369739463041,0.36973946304,1,1,1,52.3598775598299,276.440021221932,0,1.929272274003,0,0
10.374702466611,0.374702466610001,1,1,1,52.3598775598299,274.065970843025,0,1.929272274003,0,0
10.379665470181,0.379665470180001,1,1,1,52.3598775598299,271.666883159219,0,1.929272274003,0,0
10.384628473751,0.384628473750001,1,1,1,52.3598775598299,269.253717776396,0,1.929272274003,0,0
10.389591477321,0.389591477320001,1,1,1,52.3598775598299,266.840904409431,0,1.929272274003,0,0
10.394554480891,0.394554480890001,1,1,1,52.3598775598299,264.441831642427,0,1.929272274003,0,0
10.399517484461,0.399517484460001,1,1,1,52.3598775598299,262.064778954377,0,1.929272274003,0,0
10.405721238923,0.405721238922001,1,1,1,52.3598775598299,259.125427924502,0,1.929272274003,0,0
10.411304617939,0.411304617938001,1,1,1,52.3598775598299,256.499224832417,0,1.929272274003,0,0
10.416887996955,0.416887996954001,1,1,1,52.3598775598299,253.873321760899,0,1.929272274003,0,0
10.422471375971,0.422471375970001,1,1,1,52.3598775598299,251.231562501971,0,1.929272274003,0,0
10.428054754987,0.428054754986,1,1,1,52.3598775598299,248.565609420176,0,1.929272274003,0,0
10.433638134003,0.433638134002,1,1,1,52.3598775598299,245.877623176765,0,1.929272274003,0,0
10.439221513019,0.439221513018,1,1,1,52.3598775598299,243.178390701028,0,1.929272274003,0,0
10.444804892035,0.444804892034,1,1,1,52.3598775598299,240.482182549867,0,1.929272274003,0,0
10.450388271051,0.45038827105,1,1,1,52.3598775598299,237.800767569665,0,1.929272274003,0,0
10.455971650067,0.455971650066,1,1,1,52.3598775598299,235.139015268169,0,1.929272274003,0,0
10.461555029083,0.461555029082,1,1,1,52.3598775598299,232.493605399531,0,1.929272274003,0,0
10.467138408099,0.467138408098,1,1,1,52.3598775598299,229.855040082894,0,1.929272274003,0,0
10.472721787115,0.472721787114,1,1,1,52.3598775598299,227.211904354416,0,1.929272274003,0,0
10.478305166131,0.47830516613,1,1,1,52.3598775598299,224.55554410935,0,1.929272274003,0,0
10.485284389901,0.4852843899,1,1,1,52.3598775598299,221.212590830833,0,1.929272274003,0,0
10.491565691294,0.491565691293,1,1,1,52.3598775598299,218.189704605129,0,1.929272274003,0,0
10.497846992687,0.497846992686,1,1,1,52.3598775598299,215.167077727471,0,1.929272274003,0,0
10.50350016394,0.503500163939,1,1,1,52.3598775598299,212.457231152856,0,1.929272274003,0,0
10.509153335193,0.509153335192,1,1,1,52.3598775598299,209.761161570334,0,1.929272274003,0,0
10.514693256566,0.514693256565,1,1,1,52.3598775598299,207.12979298,0,1.929272274003,0,0
10.520233177939,0.520233177938,1,1,1,52.3598775598299,204.502455515901,0,1.929272274003,0,0
10.525773099312,0.525773099311,1,1,1,52.3598775598299,201.87188494439,0,1.929272274003,0,0
10.531313020685,0.531313020684,1,1,1,52.3598775598299,199.232835743869,0,1.929272274003,0,0
10.538237922401,0.5382379224,1,1,1,52.3598775598299,195.919820240203,0,1.929272274003,0,0
10.545162824117,0.545162824116,1,1,1,52.3598775598299,192.596375467049,0,1.929272274003,0,0
10.552087725833,0.552087725832,1,1,1,52.3598775598299,189.273804452636,0,1.929272274003,0,0
10.558320137377,0.558320137376,1,1,1,52.3598775598299,186.29285313694,0,1.929272274003,0,0
10.564552548921,0.56455254892,1,1,1,52.3598775598299,183.322997430509,0,1.929272274003,0,0
10.571564011908,0.571564011907,1,1,1,52.3598775598299,179.990130752538,0,1.929272274003,0,0
10.578575474895,0.578575474894,1,1,1,52.3598775598299,176.656656961362,0,1.929272274003,0,0
10.584885791583,0.584885791582,1,1,1,52.3598775598299,173.648448274947,0,1.929272274003,0,0
10.591196108271,0.59119610827,1,1,1,52.3598775598299,170.630027321025,0,1.929272274003,0,0
10.597506424959,0.597506424958,1,1,1,52.3598775598299,167.604382148434,0,1.929272274003,0,0
10.603816741647,0.603816741646,1,1,1,52.3598775598299,164.578215217596,0,1.929272274003,0,0
10.610127058335,0.610127058334,1,1,1,52.3598775598299,161.558444174939,0,1.929272274003,0,0
10.616437375023,0.616437375022,1,1,1,52.3598775598299,158.54859393146,0,1.929272274003,0,0
10.622116660042,0.622116660041,1,1,1,52.3598775598299,155.846517838452,0,1.929272274003,0,0
10.627228016559,0.627228016558,1,1,1,52.3598775598299,153.41679721532,0,1.929272274003,0,0
10.632339373076,0.632339373075,1,1,1,52.3598775598299,150.985395761736,0,1.929272274003,0,0
10.637450729593,0.637450729592,1,1,1,52.3598775598299,148.549422280663,0,1.929272274003,0,0
10.64256208611,0.642562086109,1,1,1,52.3598775598299,146.107548743328,0,1.929272274003,0,0
10.647673442627,0.647673442626,1,1,1,52.3598775598299,143.660360569856,0,1.929272274003,0,0
10.654062638273,0.654062638272,1,1,1,52.3598775598299,140.597162704312,0,1.929272274003,0,0
10.660451833919,0.660451833918,1,1,1,52.3598775598299,137.535360659335,0,1.929272274003,0,0
10.666841029565,0.666841029564,1,1,1,52.3598775598299,134.480801060807,0,1.929272274003,0,0
10.672591305646,0.672591305645,1,1,1,52.3598775598299,131.739817114875,0,1.929272274003,0,0
10.678341581727,0.678341581726,1,1,1,52.3598775598299,129.004422412138,0,1.929272274003,0,0
10.684091857808,0.684091857807,1,1,1,52.3598775598299,126.270003512517,0,1.929272274003,0,0
10.689842133889,0.689842133888,1,1,1,52.3598775598299,123.53164851147,0,1.929272274003,0,0
10.69559240997,0.695592409969,1,1,1,52.3598775598299,120.786325962349,0,1.929272274003,0,0
10.701342686051,0.70134268605,1,1,1,52.3598775598299,118.034142342029,0,1.929272274003,0,0
10.707092962132,0.707092962131,1,1,1,52.3598775598299,115.278251962808,0,1.929272274003,0,0
10.712843238213,0.712843238212,1,1,1,52.3598775598299,112.523478095287,0,1.929272274003,0,0
10.718593514294,0.718593514293,1,1,1,52.3598775598299,109.773928621954,0,1.929272274003,0,0
10.724343790375,0.724343790374,1,1,1,52.3598775598299,107.031000060527,0,1.929272274003,0,0
10.730094066456,0.730094066455,1,1,1,52.3598775598299,104.292938345077,0,1.929272274003,0,0
10.735844342537,0.735844342536,1,1,1,52.3598775598299,101.55600907378,0,1.929272274003,0,0
10.741594618618,0.741594618617,1,1,1,52.3598775598299,98.8164102827844,0,1.929272274003,0,0
10.747344894699,0.747344894698,1,1,1,52.3598775598299,96.0719034674708,0,1.929272274003,0,0
10.75309517078,0.753095170779,1,1,1,52.3598775598299,93.3225410914373,0,1.929272274003,0,0
10.758845446861,0.75884544686,1,1,1,52.3598775598299,90.5703793042153,0,1.929272274003,0,0
10.764595722942,0.764595722941,1,1,1,52.3598775598299,87.8184368747233,0,1.929272274003,0,0
10.770345999023,0.770345999022,1,1,1,52.3598775598299,85.0693722806271,0,1.929272274003,0,0
10.776096275104,0.776096275103,1,1,1,52.3598775598299,82.3244134249124,0,1.929272274003,0,0
10.781846551185,0.781846551184,1,1,1,52.3598775598299,79.5829571522789,0,1.929272274003,0,0
10.787596827266,0.787596827265,1,1,1,52.3598775598299,76.8429683251514,0,1.929272274003,0,0
10.793347103347,0.793347103346,1,1,1,52.3598775598299,74.1019602135116,0,1.929272274003,0,0
10.799097379428,0.799097379427,1,1,1,52.3598775598299,71.3580924750904,0,1.929272274003,0,0
10.806285224529,0.806285224528,1,1,1,52.3598775598299,67.9235559933776,0,1.929272274003,0,0
10.81347306963,0.813473069629,1,1,1,52.3598775598299,64.4859268756906,0,1.929272274003,0,0
10.820660914731,0.82066091473,1,1,1,52.3598775598299,61.049292602927,0,1.929272274003,0,0
10.827129975322,0.827129975321,1,1,1,52.3598775598299,57.9597762218059,0,1.929272274003,0,0
10.832952129854,0.832952129853,1,1,1,52.3598775598299,55.1823286188588,0,1.929272274003,0,0
10.838774284386,0.838774284385,1,1,1,52.3598775598299,52.4065542449625,0,1.929272274003,0,0
10.844545732821,0.84454573282,1,1,1,52.3598775598299,49.6546922274538,0,1.929272274003,0,0
10.850317181256,0.850317181255,1,1,1,52.3598775598299,46.9008969623678,0,1.929272274003,0,0
10.856088629691,0.85608862969,1,1,1,52.3598775598299,44.1444249778028,0,1.929272274003,0,0
10.861860078126,0.861860078125,1,1,1,52.3598775598299,41.3857251985468,0,1.929272274003,0,0
10.867631526561,0.86763152656,1,1,1,52.3598775598299,38.6261980228803,0,1.929272274003,0,0
10.873402974996,0.873402974995,1,1,1,52.3598775598299,35.8675582032521,0,1.929272274003,0,0
10.879174423431,0.87917442343,1,1,1,52.3598775598299,33.1109842965472,0,1.929272274003,0,0
10.884945871866,0.884945871865,1,1,1,52.3598775598299,30.3567276019816,0,1.929272274003,0,0
10.890140175457,0.890140175456,1,1,1,52.3598775598299,27.8793877687761,0,1.929272274003,0,0
10.895334479048,0.895334479047,1,1,1,52.3598775598299,25.4024794991113,0,1.929272274003,0,0
10.900528782639,0.900528782638,1,1,1,52.3598775598299,22.9249404997316,0,1.929272274003,0,0
10.90572308623,0.905723086229,1,1,1,52.3598775598299,20.4459490846804,0,1.929272274003,0,0
10.910917389821,0.91091738982,1,1,1,52.3598775598299,17.9651790234494,0,1.929272274003,0,0
10.916111693412,0.916111693411,1,1,1,52.3598775598299,15.4828272158802,0,1.929272274003,0,0
10.922604572901,0.9226045729,1,1,1,52.3598775598299,12.3788835034699,0,1.929272274003,0,0
10.927486556498,0.927486556497,1,1,1,52.3598775598299,10.0455182309764,0,1.929272274003,0,0
10.932368540095,0.932368540094,1,1,1,52.3598775598299,7.71342142494536,0,1.929272274003,0,0
10.937250523692,0.937250523691,1,1,1,52.3598775598299,5.38289897528362,0,1.929272274003,0,0
10.942132507289,0.942132507288,1,1,1,52.3598775598299,3.0537402380574,0,1.929272274003,0,0
10.947014490886,0.947014490885,1,1,1,52.3598775598299,0.725313500044837,0,1.929272274003,0,0
10.947486911423,0.947486911422,1,1,1,52.3598775598299,0.499999998774159,0,1.929272274003,0,0
10.947486911423,0.947486911422,1,1,1,52.3598775598299,0.499999998774159,0,1.929272274003,0,0
10.947486911423,0.947486911422,1,1,1,52.3598775598299,0.499999998774159,0,1.929272274003,0,0
10.948115922182,0.948115922181,1,1,1,52.3598775598299,0.199999999031985,0,1.929272274003,0,0
10.948115922182,0.948115922181,1,1,1,52.3598775598299,0.199999999031985,0,1.929272274003,0,-1
10.948115922182,0.948115922181,1,1,1,52.3598775598299,0.199999999031985,0,1.929272274003,0,-1
10.948115922182,0.948115922181,1,1,1,52.3598775598299,0.199999999031985,0,1.929272274003,0,-1
10.94853515453,0.948115922181,1,1,1,52.3598775598299,4.77453967668172e-05,0,1.929272274003,0,-1
10.94853515453,0.948115922181,1,1,1,52.3598775598299,4.77453967668172e-05,0,1.929272274003,0,-1
10.94853515453,0.948115922181,1,1,1,52.3598775598299,4.77453967668172e-05,0,1.929272274003,0,-1
10.948535254638,0.948115922181,1,1,1,52.3598775598299,-1.11533099449305e-09,0,1.929272274003,0,-1
10.948535254638,0.948115922181,1,1,1,52.3598775598299,0,0,1.929272274003,0,-1
10.948535254638,0.948115922181,1,1,1,52.3598775598299,0,0,1.929272274003,0,-1
10.948535254638,0.948115922181,1,1,1,52.3598775598299,0,0,1.929272274003,0,-1
10.948535254638,0.948115922181,1,1,1,52.3598775598299,0,0,1.929272274003,0,-1
10.949637879346,0.948115922181,1,1,1,52.3598775598299,0,0,1.929272274003,0,-1
10.950659448448,0.948115922181,1,1,1,52.3598775598299,0,0,1.929272274003,0,-1
10.952191802101,0.948115922181,1,1,1,52.3598775598299,0,0,1.929272274003,0,-1
10.954089315743,0.948115922181,1,1,1,52.3598775598299,0,0,1.929272274003,0,-1
10.955986829385,0.948115922181,1,1,1,52.3598775598299,0,0,1.929272274003,0,-1
10.958762853359,0.948115922181,1,1,1,52.3598775598299,0,0,1.929272274003,0,-1
10.960590120512,0.948115922181,1,1,1,52.3598775598299,0,0,1.929272274003,0,-1
10.962417387665,0.948115922181,1,1,1,52.3598775598299,0,0,1.929272274003,0,-1
10.964244654818,0.948115922181,1,1,1,52.3598775598299,0,0,1.929272274003,0,-1
10.966071921971,0.948115922181,1,1,1,52.3598775598299,0,0,1.929272274003,0,-1
10.968175900164,0.948115922181,1,1,1,52.3598775598299,0,0,1.929272274003,0,-1
10.970279878357,0.948115922181,1,1,1,52.3598775598299,0,0,1.929272274003,0,-1
10.97238385655,0.948115922181,1,1,1,52.3598775598299,0,0,1.929272274003,0,-1
10.974277436923,0.948115922181,1,1,1,52.3598775598299,0,0,1.929272274003,0,-1
10.976171017296,0.948115922181,1,1,1,52.3598775598299,0,0,1.929272274003,0,-1
10.977875239631,0.948115922181,1,1,1,52.3598775598299,0,0,1.929272274003,0,-1
10.979579461966,0.948115922181,1,1,1,52.3598775598299,0,0,1.929272274003,0,-1
10.981283684301,0.948115922181,1,1,1,52.3598775598299,0,0,1.929272274003,0,-1
10.982987906636,0.948115922181,1,1,1,52.3598775598299,0,0,1.929272274003,0,-1
10.984692128971,0.948115922181,1,1,1,52.3598775598299,0,0,1.929272274003,0,-1
10.986396351306,0.948115922181,1,1,1,52.3598775598299,0,0,1.929272274003,0,-1
10.988526629225,0.948115922181,1,1,1,52.3598775598299,0,0,1.929272274003,0,-1
10.990656907144,0.948115922181,1,1,1,52.3598775598299,0,0,1.929272274003,0,-1
10.992787185063,0.948115922181,1,1,1,52.3598775598299,0,0,1.929272274003,0,-1
10.994917462982,0.948115922181,1,1,1,52.3598775598299,0,0,1.929272274003,0,-1
10.997047740901,0.948115922181,1,1,1,52.3598775598299,0,0,1.929272274003,0,-1
10.99917801882,0.948115922181,1,1,1,52.3598775598299,0,0,1.929272274003,0,-1
11.001308296739,0.948115922181,1,1,1,52.3598775598299,0,0,1.929272274003,0,-1
11.003438574658,0.948115922181,1,1,1,52.3598775598299,0,0,1.929272274003,0,-1
11.005568852577,0.948115922181,1,1,1,52.3598775598299,0,0,1.929272274003,0,-1
11.007699130496,0.948115922181,1,1,1,52.3598775598299,0,0,1.929272274003,0,-1
11.009829408415,0.948115922181,1,1,1,52.3598775598299,0,0,1.929272274003,0,-1
11.011959686334,0.948115922181,1,1,1,52.3598775598299,0,0,1.929272274003,0,-1
11.014089964253,0.948115922181,1,1,1,52.3598775598299,0,0,1.929272274003,0,-1
11.016752811652,0.948115922181,1,1,1,52.3598775598299,0,0,1.929272274003,0,-1
11.019415659051,0.948115922181,1,1,1,52.3598775598299,0,0,1.929272274003,0,-1
11.02207850645,0.948115922181,1,1,1,52.3598775598299,0,0,1.929272274003,0,-1
11.024741353849,0.948115922181,1,1,1,52.3598775598299,0,0,1.929272274003,0,-1
11.027404201248,0.948115922181,1,1,1,52.3598775598299,0,0,1.929272274003,0,-1
11.029800763907,0.948115922181,1,1,1,52.3598775598299,0,0,1.929272274003,0,-1
11.032197326566,0.948115922181,1,1,1,52.3598775598299,0,0,1.929272274003,0,-1
11.034593889225,0.948115922181,1,1,1,52.3598775598299,0,0,1.929272274003,0,-1
11.036990451884,0.948115922181,1,1,1,52.3598775598299,0,0,1.929272274003,0,-1
11.039387014543,0.948115922181,1,1,1,52.3598775598299,0,0,1.929272274003,0,-1
11.041783577202,0.948115922181,1,1,1,52.3598775598299,0,0,1.929272274003,0,-1
11.044180139861,0.948115922181,1,1,1,52.3598775598299,0,0,1.929272274003,0,-1
11.04657670252,0.948115922181,1,1,1,52.3598775598299,0,0,1.929272274003,0,-1
11.049572405844,0.948115922181,1,1,1,52.3598775598299,0,0,1.929272274003,0,-1
11.052568109168,0.948115922181,1,1,1,52.3598775598299,0,0,1.929272274003,0,-1
11.055563812492,0.948115922181,1,1,1,52.3598775598299,0,0,1.929272274003,0,-1
11.058259945483,0.948115922181,1,1,1,52.3598775598299,0,0,1.929272274003,0,-1
11.060956078474,0.948115922181,1,1,1,52.3598775598299,0,0,1.929272274003,0,-1
11.063382598166,0.948115922181,1,1,1,52.3598775598299,0,0,1.929272274003,0,-1
11.065809117858,0.948115922181,1,1,1,52.3598775598299,0,0,1.929272274003,0,-1
11.06823563755,0.948115922181,1,1,1,52.3598775598299,0,0,1.929272274003,0,-1
11.070662157242,0.948115922181,1,1,1,52.3598775598299,0,0,1.929272274003,0,-1
11.073088676934,0.948115922181,1,1,1,52.3598775598299,0,0,1.929272274003,0,-1
11.075515196626,0.948115922181,1,1,1,52.3598775598299,0,0,1.929272274003,0,-1
11.077941716318,0.948115922181,1,1,1,52.3598775598299,0,0,1.929272274003,0,-1
11.080974865933,0.948115922181,1,1,1,52.3598775598299,0,0,1.929272274003,0,-1
11.084008015548,0.948115922181,1,1,1,52.3598775598299,0,0,1.929272274003,0,-1
11.087041165163,0.948115922181,1,1,1,52.3598775598299,0,0,1.929272274003,0,-1
11.089770999816,0.948115922181,1,1,1,52.3598775598299,0,0,1.929272274003,0,-1
11.092500834469,0.948115922181,1,1,1,52.3598775598299,0,0,1.929272274003,0,-1
11.094957685656,0.948115922181,1,1,1,52.3598775598299,0,0,1.929272274003,0,-1
11.097414536843,0.948115922181,1,1,1,52.3598775598299,0,0,1.929272274003,0,-1
11.09987138803,0.948115922181,1,1,1,52.3598775598299,0,0,1.929272274003,0,-1
11.102328239217,0.948115922181,1,1,1,52.3598775598299,0,0,1.929272274003,0,-1
11.104785090404,0.948115922181,1,1,1,52.3598775598299,0,0,1.929272274003,0,-1
11.107241941591,0.948115922181,1,1,1,52.3598775598299,0,0,1.929272274003,0,-1
11.109698792778,0.948115922181,1,1,1,52.3598775598299,0,0,1.929272274003,0,-1
11.112769856762,0.948115922181,1,1,1,52.3598775598299,0,0,1.929272274003,0,-1
11.115840920746,0.948115922181,1,1,1,52.3598775598299,0,0,1.929272274003,0,-1
11.11891198473,0.948115922181,1,1,1,52.3598775598299,0,0,1.929272274003,0,-1
11.121675942315,0.948115922181,1,1,1,52.3598775598299,0,0,1.929272274003,0,-1
11.1244398999,0.948115922181,1,1,1,52.3598775598299,0,0,1.929272274003,0,-1
11.126927461726,0.948115922181,1,1,1,52.3598775598299,0,0,1.929272274003,0,-1
11.129415023552,0.948115922181,1,1,1,52.3598775598299,0,0,1.929272274003,0,-1
11.131902585378,0.948115922181,1,1,1,52.3598775598299,0,0,1.929272274003,0,-1
11.134390147204,0.948115922181,1,1,1,52.3598775598299,0,0,1.929272274003,0,-1
11.13687770903,0.948115922181,1,1,1,52.3598775598299,0,0,1.929272274003,0,-1
11.139365270856,0.948115922181,1,1,1,52.3598775598299,0,0,1.929272274003,0,-1
11.141852832682,0.948115922181,1,1,1,52.3598775598299,0,0,1.929272274003,0,-1
11.144962284964,0.948115922181,1,1,1,52.3598775598299,0,0,1.929272274003,0,-1
11.148071737246,0.948115922181,1,1,1,52.3598775598299,0,0,1.929272274003,0,-1
11.151181189528,0.948115922181,1,1,1,52.3598775598299,0,0,1.929272274003,0,-1
11.153979696582,0.948115922181,1,1,1,52.3598775598299,0,0,1.929272274003,0,-1
11.156778203636,0.948115922181,1,1,1,52.3598775598299,0,0,1.929272274003,0,-1
11.159296859984,0.948115922181,1,1,1,52.3598775598299,0,0,1.929272274003,0,-1
11.161815516332,0.948115922181,1,1,1,52.3598775598299,0,0,1.929272274003,0,-1
11.16433417268,0.948115922181,1,1,1,52.3598775598299,0,0,1.929272274003,0,-1
11.166852829028,0.948115922181,1,1,1,52.3598775598299,0,0,1.929272274003,0,-1
11.169371485376,0.948115922181,1,1,1,52.3598775598299,0,0,1.929272274003,0,-1
11.171890141724,0.948115922181,1,1,1,52.3598775598299,0,0,1.929272274003,0,-1
11.174408798072,0.948115922181,1,1,1,52.3598775598299,0,0,1.929272274003,0,-1
11.177557118507,0.948115922181,1,1,1,52.3598775598299,0,0,1.929272274003,0,-1
11.180705438942,0.948115922181,1,1,1,52.3598775598299,0,0,1.929272274003,0,-1
11.183853759377,0.948115922181,1,1,1,52.3598775598299,0,0,1.929272274003,0,-1
11.186687247768,0.948115922181,1,1,1,52.3598775598299,0,0,1.929272274003,0,-1
11.189520736159,0.948115922181,1,1,1,52.3598775598299,0,0,1.929272274003,0,-1
11.192070875711,0.948115922181,1,1,1,52.3598775598299,0,0,1.929272274003,0,-1
11.194621015263,0.948115922181,1,1,1,52.3598775598299,0,0,1.929272274003,0,-1
11.197171154815,0.948115922181,1,1,1,52.3598775598299,0,0,1.929272274003,0,-1
11.199721294367,0.948115922181,1,1,1,52.3598775598299,0,0,1.929272274003,0,-1
11.202271433919,0.948115922181,1,1,1,52.3598775598299,0,0,1.929272274003,0,-1
11.204821573471,0.948115922181,1,1,1,52.3598775598299,0,0,1.929272274003,0,-1
11.208009247911,0.948115922181,1,1,1,52.3598775598299,0,0,1.929272274003,0,-1
11.211196922351,0.948115922181,1,1,1,52.3598775598299,0,0,1.929272274003,0,-1
11.214384596791,0.948115922181,1,1,1,52.3598775598299,0,0,1.929272274003,0,-1
11.217253503787,0.948115922181,1,1,1,52.3598775598299,0,0,1.929272274003,0,-1
11.220122410783,0.948115922181,1,1,1,52.3598775598299,0,0,1.929272274003,0,-1
11.222991317779,0.948115922181,1,1,1,52.3598775598299,0,0,1.929272274003,0,-1
11.225860224775,0.948115922181,1,1,1,52.3598775598299,0,0,1.929272274003,0,-1
11.228729131771,0.948115922181,1,1,1,52.3598775598299,0,0,1.929272274003,0,-1
11.231598038767,0.948115922181,1,1,1,52.3598775598299,0,0,1.929272274003,0,-1
11.234466945763,0.948115922181,1,1,1,52.3598775598299,0,0,1.929272274003,0,-1
11.237335852759,0.948115922181,1,1,1,52.3598775598299,0,0,1.929272274003,0,-1
11.240921986504,0.948115922181,1,1,1,52.3598775598299,0,0,1.929272274003,0,-1
11.244149506874,0.948115922181,1,1,1,52.3598775598299,0,0,1.929272274003,0,-1
11.247377027244,0.948115922181,1,1,1,52.3598775598299,0,0,1.929272274003,0,-1
11.250281795577,0.948115922181,1,1,1,52.3598775598299,0,0,1.929272274003,0,-1
11.25318656391,0.948115922181,1,1,1,52.3598775598299,0,0,1.929272274003,0,-1
11.256091332243,0.948115922181,1,1,1,52.3598775598299,0,0,1.929272274003,0,-1
11.258996100576,0.948115922181,1,1,1,52.3598775598299,0,0,1.929272274003,0,-1
11.261900868909,0.948115922181,1,1,1,52.3598775598299,0,0,1.929272274003,0,-1
11.264805637242,0.948115922181,1,1,1,52.3598775598299,0,0,1.929272274003,0,-1
11.267710405575,0.948115922181,1,1,1,52.3598775598299,0,0,1.929272274003,0,-1
11.270615173908,0.948115922181,1,1,1,52.3598775598299,0,0,1.929272274003,0,-1
11.273519942241,0.948115922181,1,1,1,52.3598775598299,0,0,1.929272274003,0,-1
11.276424710574,0.948115922181,1,1,1,52.3598775598299,0,0,1.929272274003,0,-1
11.279329478907,0.948115922181,1,1,1,52.3598775598299,0,0,1.929272274003,0,-1
11.28223424724,0.948115922181,1,1,1,52.3598775598299,0,0,1.929272274003,0,-1
11.285139015573,0.948115922181,1,1,1,52.3598775598299,0,0,1.929272274003,0,-1
11.288043783906,0.948115922181,1,1,1,52.3598775598299,0,0,1.929272274003,0,-1
11.290948552239,0.948115922181,1,1,1,52.3598775598299,0,0,1.929272274003,0,-1
11.293853320572,0.948115922181,1,1,1,52.3598775598299,0,0,1.929272274003,0,-1
11.296758088905,0.948115922181,1,1,1,52.3598775598299,0,0,1.929272274003,0,-1
11.299662857238,0.948115922181,1,1,1,52.3598775598299,0,0,1.929272274003,0,-1
11.303293817654,0.948115922181,1,1,1,52.3598775598299,0,0,1.929272274003,0,-1
11.30692477807,0.948115922181,1,1,1,52.3598775598299,0,0,1.929272274003,0,-1
11.310555738486,0.948115922181,1,1,1,52.3598775598299,0,0,1.929272274003,0,-1
11.31382360286,0.948115922181,1,1,1,52.3598775598299,0,0,1.929272274003,0,-1
11.316764680796,0.948115922181,1,1,1,52.3598775598299,0,0,1.929272274003,0,-1
11.319705758732,0.948115922181,1,1,1,52.3598775598299,0,0,1.929272274003,0,-1
11.322646836668,0.948115922181,1,1,1,52.3598775598299,0,0,1.929272274003,0,-1
11.325587914604,0.948115922181,1,1,1,52.3598775598299,0,0,1.929272274003,0,-1
11.32852899254,0.948115922181,1,1,1,52.3598775598299,0,0,1.929272274003,0,-1
11.331470070476,0.948115922181,1,1,1,52.3598775598299,0,0,1.929272274003,0,-1
11.334411148412,0.948115922181,1,1,1,52.3598775598299,0,0,1.929272274003,0,-1
11.337352226348,0.948115922181,1,1,1,52.3598775598299,0,0,1.929272274003,0,-1
11.340293304284,0.948115922181,1,1,1,52.3598775598299,0,0,1.929272274003,0,-1
11.34323438222,0.948115922181,1,1,1,52.3598775598299,0,0,1.929272274003,0,-1
11.346175460156,0.948115922181,1,1,1,52.3598775598299,0,0,1.929272274003,0,-1
11.349116538092,0.948115922181,1,1,1,52.3598775598299,0,0,1.929272274003,0,-1
11.352057616028,0.948115922181,1,1,1,52.3598775598299,0,0,1.929272274003,0,-1
11.354998693964,0.948115922181,1,1,1,52.3598775598299,0,0,1.929272274003,0,-1
11.3579397719,0.948115922181,1,1,1,52.3598775598299,0,0,1.929272274003,0,-1
11.360880849836,0.948115922181,1,1,1,52.3598775598299,0,0,1.929272274003,0,-1
11.363821927772,0.948115922181,1,1,1,52.3598775598299,0,0,1.929272274003,0,-1
11.367498275192,0.948115922181,1,1,1,52.3598775598299,0,0,1.929272274003,0,-1
11.371174622612,0.948115922181,1,1,1,52.3598775598299,0,0,1.929272274003,0,-1
11.374850970032,0.948115922181,1,1,1,52.3598775598299,0,0,1.929272274003,0,-1
11.37815968271,0.948115922181,1,1,1,52.3598775598299,0,0,1.929272274003,0,-1
11.381468395388,0.948115922181,1,1,1,52.3598775598299,0,0,1.929272274003,0,-1
11.384446236798,0.948115922181,1,1,1,52.3598775598299,0,0,1.929272274003,0,-1
11.387424078208,0.948115922181,1,1,1,52.3598775598299,0,0,1.929272274003,0,-1
11.390401919618,0.948115922181,1,1,1,52.3598775598299,0,0,1.929272274003,0,-1
11.393379761028,0.948115922181,1,1,1,52.3598775598299,0,0,1.929272274003,0,-1
11.396357602438,0.948115922181,1,1,1,52.3598775598299,0,0,1.929272274003,0,-1
11.4000799042,0.948115922181,1,1,1,52.3598775598299,0,0,1.929272274003,0,-1
11.403802205962,0.948115922181,1,1,1,52.3598775598299,0,0,1.929272274003,0,-1
11.407152277548,0.948115922181,1,1,1,52.3598775598299,0,0,1.929272274003,0,-1
11.410502349134,0.948115922181,1,1,1,52.3598775598299,0,0,1.929272274003,0,-1
11.413517413561,0.948115922181,1,1,1,52.3598775598299,0,0,1.929272274003,0,-1
11.416532477988,0.948115922181,1,1,1,52.3598775598299,0,0,1.929272274003,0,-1
11.419547542415,0.948115922181,1,1,1,52.3598775598299,0,0,1.929272274003,0,-1
11.422562606842,0.948115922181,1,1,1,52.3598775598299,0,0,1.929272274003,0,-1
11.425577671269,0.948115922181,1,1,1,52.3598775598299,0,0,1.929272274003,0,-1
11.428592735696,0.948115922181,1,1,1,52.3598775598299,0,0,1.929272274003,0,-1
11.43236156623,0.948115922181,1,1,1,52.3598775598299,0,0,1.929272274003,0,-1
11.436130396764,0.948115922181,1,1,1,52.3598775598299,0,0,1.929272274003,0,-1
11.439899227298,0.948115922181,1,1,1,52.3598775598299,0,0,1.929272274003,0,-1
11.443291174778,0.948115922181,1,1,1,52.3598775598299,0,0,1.929272274003,0,-1
11.446683122258,0.948115922181,1,1,1,52.3598775598299,0,0,1.929272274003,0,-1
11.450075069738,0.948115922181,1,1,1,52.3598775598299,0,0,1.929272274003,0,-1
11.453467017218,0.948115922181,1,1,1,52.3598775598299,0,0,1.929272274003,0,-1
11.456858964698,0.948115922181,1,1,1,52.3598775598299,0,0,1.929272274003,0,-1
11.460250912178,0.948115922181,1,1,1,52.3598775598299,0,0,1.929272274003,0,-1
11.464490846528,0.948115922181,1,1,1,52.3598775598299,0,0,1.929272274003,0,-1
11.468306787443,0.948115922181,1,1,1,52.3598775598299,0,0,1.929272274003,0,-1
11.472122728358,0.948115922181,1,1,1,52.3598775598299,0,0,1.929272274003,0,-1
11.475557075181,0.948115922181,1,1,1,52.3598775598299,0,0,1.929272274003,0,-1
11.478991422004,0.948115922181,1,1,1,52.3598775598299,0,0,1.929272274003,0,-1
11.482425768827,0.948115922181,1,1,1,52.3598775598299,0,0,1.929272274003,0,-1
11.48586011565,0.948115922181,1,1,1,52.3598775598299,0,0,1.929272274003,0,-1
11.489294462473,0.948115922181,1,1,1,52.3598775598299,0,0,1.929272274003,0,-1
11.492728809296,0.948115922181,1,1,1,52.3598775598299,0,0,1.929272274003,0,-1
11.497021742825,0.948115922181,1,1,1,52.3598775598299,0,0,1.929272274003,0,-1
11.500885383001,0.948115922181,1,1,1,52.3598775598299,0,0,1.929272274003,0,-1
11.504749023177,0.948115922181,1,1,1,52.3598775598299,0,0,1.929272274003,0,-1
11.508226299335,0.948115922181,1,1,1,52.3598775598299,0,0,1.929272274003,0,-1
11.511703575493,0.948115922181,1,1,1,52.3598775598299,0,0,1.929272274003,0,-1
11.515180851651,0.948115922181,1,1,1,52.3598775598299,0,0,1.929272274003,0,-1
11.518658127809,0.948115922181,1,1,1,52.3598775598299,0,0,1.929272274003,0,-1
11.522135403967,0.948115922181,1,1,1,52.3598775598299,0,0,1.929272274003,0,-1
11.526481999164,0.948115922181,1,1,1,52.3598775598299,0,0,1.929272274003,0,-1
11.530828594361,0.948115922181,1,1,1,52.3598775598299,0,0,1.929272274003,0,-1
11.534740530038,0.948115922181,1,1,1,52.3598775598299,0,0,1.929272274003,0,-1
11.538261272147,0.948115922181,1,1,1,52.3598775598299,0,0,1.929272274003,0,-1
11.541782014256,0.948115922181,1,1,1,52.3598775598299,0,0,1.929272274003,0,-1
11.545302756365,0.948115922181,1,1,1,52.3598775598299,0,0,1.929272274003,0,-1
11.548823498474,0.948115922181,1,1,1,52.3598775598299,0,0,1.929272274003,0,-1
11.552344240583,0.948115922181,1,1,1,52.3598775598299,0,0,1.929272274003,0,-1
11.555864982692,0.948115922181,1,1,1,52.3598775598299,0,0,1.929272274003,0,-1
11.560265910328,0.948115922181,1,1,1,52.3598775598299,0,0,1.929272274003,0,-1
11.5642267452,0.948115922181,1,1,1,52.3598775598299,0,0,1.929272274003,0,-1
11.568187580072,0.948115922181,1,1,1,52.3598775598299,0,0,1.929272274003,0,-1
11.571752331457,0.948115922181,1,1,1,52.3598775598299,0,0,1.929272274003,0,-1
11.575317082842,0.948115922181,1,1,1,52.3598775598299,0,0,1.929272274003,0,-1
11.578881834227,0.948115922181,1,1,1,52.3598775598299,0,0,1.929272274003,0,-1
11.582446585612,0.948115922181,1,1,1,52.3598775598299,0,0,1.929272274003,0,-1
11.586011336997,0.948115922181,1,1,1,52.3598775598299,0,0,1.929272274003,0,-1
11.590467276228,0.948115922181,1,1,1,52.3598775598299,0,0,1.929272274003,0,-1
11.594923215459,0.948115922181,1,1,1,52.3598775598299,0,0,1.929272274003,0,-1
11.598933560767,0.948115922181,1,1,1,52.3598775598299,0,0,1.929272274003,0,-1
11.602943906075,0.948115922181,1,1,1,52.3598775598299,0,0,1.929272274003,0,-1
11.606553216852,0.948115922181,1,1,1,52.3598775598299,0,0,1.929272274003,0,-1
11.610162527629,0.948115922181,1,1,1,52.3598775598299,0,0,1.929272274003,0,-1
11.613771838406,0.948115922181,1,1,1,52.3598775598299,0,0,1.929272274003,0,-1
11.618283476877,0.948115922181,1,1,1,52.3598775598299,0,0,1.929272274003,0,-1
11.622795115348,0.948115922181,1,1,1,52.3598775598299,0,0,1.929272274003,0,-1
11.627306753819,0.948115922181,1,1,1,52.3598775598299,0,0,1.929272274003,0,-1
11.631367228443,0.948115922181,1,1,1,52.3598775598299,0,0,1.929272274003,0,-1
11.635427703067,0.948115922181,1,1,1,52.3598775598299,0,0,1.929272274003,0,-1
11.639082130228,0.948115922181,1,1,1,52.3598775598299,0,0,1.929272274003,0,-1
11.642736557389,0.948115922181,1,1,1,52.3598775598299,0,0,1.929272274003,0,-1
11.64639098455,0.948115922181,1,1,1,52.3598775598299,0,0,1.929272274003,0,-1
11.650959018501,0.948115922181,1,1,1,52.3598775598299,0,0,1.929272274003,0,-1
11.655527052452,0.948115922181,1,1,1,52.3598775598299,0,0,1.929272274003,0,-1
11.660095086403,0.948115922181,1,1,1,52.3598775598299,0,0,1.929272274003,0,-1
11.664206316959,0.948115922181,1,1,1,52.3598775598299,0,0,1.929272274003,0,-1
11.668317547515,0.948115922181,1,1,1,52.3598775598299,0,0,1.929272274003,0,-1
11.672017655015,0.948115922181,1,1,1,52.3598775598299,0,0,1.929272274003,0,-1
11.675717762515,0.948115922181,1,1,1,52.3598775598299,0,0,1.929272274003,0,-1
11.679417870015,0.948115922181,1,1,1,52.3598775598299,0,0,1.929272274003,0,-1
11.68404300439,0.948115922181,1,1,1,52.3598775598299,0,0,1.929272274003,0,-1
11.688668138765,0.948115922181,1,1,1,52.3598775598299,0,0,1.929272274003,0,-1
11.69329327314,0.948115922181,1,1,1,52.3598775598299,0,0,1.929272274003,0,-1
11.697455894077,0.948115922181,1,1,1,52.3598775598299,0,0,1.929272274003,0,-1
11.701618515014,0.948115922181,1,1,1,52.3598775598299,0,0,1.929272274003,0,-1
11.705781135951,0.948115922181,1,1,1,52.3598775598299,0,0,1.929272274003,0,-1
11.709943756888,0.948115922181,1,1,1,52.3598775598299,0,0,1.929272274003,0,-1
11.715147033059,0.948115922181,1,1,1,52.3598775598299,0,0,1.929272274003,0,-1
11.72035030923,0.948115922181,1,1,1,52.3598775598299,0,0,1.929272274003,0,-1
11.724521816567,0.948115922181,1,1,1,52.3598775598299,0,0,1.929272274003,0,-1
11.728693323904,0.948115922181,1,1,1,52.3598775598299,0,0,1.929272274003,0,-1
11.732864831241,0.948115922181,1,1,1,52.3598775598299,0,0,1.929272274003,0,-1
11.737036338578,0.948115922181,1,1,1,52.3598775598299,0,0,1.929272274003,0,-1
11.741207845915,0.948115922181,1,1,1,52.3598775598299,0,0,1.929272274003,0,-1
11.745379353252,0.948115922181,1,1,1,52.3598775598299,0,0,1.929272274003,0,-1
11.750593737423,0.948115922181,1,1,1,52.3598775598299,0,0,1.929272274003,0,-1
11.755286683177,0.948115922181,1,1,1,52.3598775598299,0,0,1.929272274003,0,-1
11.759979628931,0.948115922181,1,1,1,52.3598775598299,0,0,1.929272274003,0,-1
11.764203280109,0.948115922181,1,1,1,52.3598775598299,0,0,1.929272274003,0,-1
11.768426931287,0.948115922181,1,1,1,52.3598775598299,0,0,1.929272274003,0,-1
11.772650582465,0.948115922181,1,1,1,52.3598775598299,0,0,1.929272274003,0,-1
11.777930146437,0.948115922181,1,1,1,52.3598775598299,0,0,1.929272274003,0,-1
11.783209710409,0.948115922181,1,1,1,52.3598775598299,0,0,1.929272274003,0,-1
11.788489274381,0.948115922181,1,1,1,52.3598775598299,0,0,1.929272274003,0,-1
11.793240881956,0.948115922181,1,1,1,52.3598775598299,0,0,1.929272274003,0,-1
11.797992489531,0.948115922181,1,1,1,52.3598775598299,0,0,1.929272274003,0,-1
11.802268936348,0.948115922181,1,1,1,52.3598775598299,0,0,1.929272274003,0,-1
11.806545383165,0.948115922181,1,1,1,52.3598775598299,0,0,1.929272274003,0,-1
11.811890941686,0.948115922181,1,1,1,52.3598775598299,0,0,1.929272274003,0,-1
11.816701944355,0.948115922181,1,1,1,52.3598775598299,0,0,1.929272274003,0,-1
11.821512947024,0.948115922181,1,1,1,52.3598775598299,0,0,1.929272274003,0,-1
11.826323949693,0.948115922181,1,1,1,52.3598775598299,0,0,1.929272274003,0,-1
11.831134952362,0.948115922181,1,1,1,52.3598775598299,0,0,1.929272274003,0,-1
11.835945955031,0.948115922181,1,1,1,52.3598775598299,0,0,1.929272274003,0,-1
11.8407569577,0.948115922181,1,1,1,52.3598775598299,0,0,1.929272274003,0,-1
11.845534696818,0.948115922181,1,1,1,52.3598775598299,0,0,1.929272274003,0,-1
11.850312435936,0.948115922181,1,1,1,52.3598775598299,0,0,1.929272274003,0,-1
11.855090175054,0.948115922181,1,1,1,52.3598775598299,0,0,1.929272274003,0,-1
11.859867914172,0.948115922181,1,1,1,52.3598775598299,0,0,1.929272274003,0,-1
11.86464565329,0.948115922181,1,1,1,52.3598775598299,0,0,1.929272274003,0,-1
11.869423392408,0.948115922181,1,1,1,52.3598775598299,0,0,1.929272274003,0,-1
11.874201131526,0.948115922181,1,1,1,52.3598775598299,0,0,1.929272274003,0,-1
11.878978870644,0.948115922181,1,1,1,52.3598775598299,0,0,1.929272274003,0,-1
11.883756609762,0.948115922181,1,1,1,52.3598775598299,0,0,1.929272274003,0,-1
11.88853434888,0.948115922181,1,1,1,52.3598775598299,0,0,1.929272274003,0,-1
11.893312087998,0.948115922181,1,1,1,52.3598775598299,0,0,1.929272274003,0,-1
11.898089827116,0.948115922181,1,1,1,52.3598775598299,0,0,1.929272274003,0,-1
11.902867566234,0.948115922181,1,1,1,52.3598775598299,0,0,1.929272274003,0,-1
11.908839740131,0.948115922181,1,1,1,52.3598775598299,0,0,1.929272274003,0,-1
11.914214696638,0.948115922181,1,1,1,52.3598775598299,0,0,1.929272274003,0,-1
11.919589653145,0.948115922181,1,1,1,52.3598775598299,0,0,1.929272274003,0,-1
11.924427114001,0.948115922181,1,1,1,52.3598775598299,0,0,1.929272274003,0,-1
11.929264574857,0.948115922181,1,1,1,52.3598775598299,0,0,1.929272274003,0,-1
11.934102035713,0.948115922181,1,1,1,52.3598775598299,0,0,1.929272274003,0,-1
11.938939496569,0.948115922181,1,1,1,52.3598775598299,0,0,1.929272274003,0,-1
11.943776957425,0.948115922181,1,1,1,52.3598775598299,0,0,1.929272274003,0,-1
11.948614418281,0.948115922181,1,1,1,52.3598775598299,0,0,1.929272274003,0,-1
11.953451879137,0.948115922181,1,1,1,52.3598775598299,0,0,1.929272274003,0,-1
11.958289339993,0.948115922181,1,1,1,52.3598775598299,0,0,1.929272274003,0,-1
11.963126800849,0.948115922181,1,1,1,52.3598775598299,0,0,1.929272274003,0,-1
11.967964261705,0.948115922181,1,1,1,52.3598775598299,0,0,1.929272274003,0,-1
11.972801722561,0.948115922181,1,1,1,52.3598775598299,0,0,1.929272274003,0,-1
11.977639183417,0.948115922181,1,1,1,52.3598775598299,0,0,1.929272274003,0,-1
11.982476644273,0.948115922181,1,1,1,52.3598775598299,0,0,1.929272274003,0,-1
11.987314105129,0.948115922181,1,1,1,52.3598775598299,0,0,1.929272274003,0,-1
11.992151565985,0.948115922181,1,1,1,52.3598775598299,0,0,1.929272274003,0,-1
11.996989026841,0.948115922181,1,1,1,52.3598775598299,0,0,1.929272274003,0,-1
12.003035852911,0.948115922181,1,1,1,52.3598775598299,0,0,1.929272274003,0,-1
12.009082678981,0.948115922181,1,1,1,52.3598775598299,0,0,1.929272274003,0,-1
12.015129505051,0.948115922181,1,1,1,52.3598775598299,0,0,1.929272274003,0,-1
12.020571648514,0.948115922181,1,1,1,52.3598775598299,0,0,1.929272274003,0,-1
12.026013791977,0.948115922181,1,1,1,52.3598775598299,0,0,1.929272274003,0,-1
12.03145593544,0.948115922181,1,1,1,52.3598775598299,0,0,1.929272274003,0,-1
12.036898078903,0.948115922181,1,1,1,52.3598775598299,0,0,1.929272274003,0,-1
12.042340222366,0.948115922181,1,1,1,52.3598775598299,0,0,1.929272274003,0,-1
12.047782365829,0.948115922181,1,1,1,52.3598775598299,0,0,1.929272274003,0,-1
12.053224509292,0.948115922181,1,1,1,52.3598775598299,0,0,1.929272274003,0,-1
12.058666652755,0.948115922181,1,1,1,52.3598775598299,0,0,1.929272274003,0,-1
12.064108796218,0.948115922181,1,1,1,52.3598775598299,0,0,1.929272274003,0,-1
12.069550939681,0.948115922181,1,1,1,52.3598775598299,0,0,1.929272274003,0,-1
12.074993083144,0.948115922181,1,1,1,52.3598775598299,0,0,1.929272274003,0,-1
12.080435226607,0.948115922181,1,1,1,52.3598775598299,0,0,1.929272274003,0,-1
12.08587737007,0.948115922181,1,1,1,52.3598775598299,0,0,1.929272274003,0,-1
12.091319513533,0.948115922181,1,1,1,52.3598775598299,0,0,1.929272274003,0,-1
12.098122192862,0.948115922181,1,1,1,52.3598775598299,0,0,1.929272274003,0,-1
12.104924872191,0.948115922181,1,1,1,52.3598775598299,0,0,1.929272274003,0,-1
12.111047283587,0.948115922181,1,1,1,52.3598775598299,0,0,1.929272274003,0,-1
12.117169694983,0.948115922181,1,1,1,52.3598775598299,0,0,1.929272274003,0,-1
12.123292106379,0.948115922181,1,1,1,52.3598775598299,0,0,1.929272274003,0,-1
12.129414517775,0.948115922181,1,1,1,52.3598775598299,0,0,1.929272274003,0,-1
12.135536929171,0.948115922181,1,1,1,52.3598775598299,0,0,1.929272274003,0,-1
12.141659340567,0.948115922181,1,1,1,52.3598775598299,0,0,1.929272274003,0,-1
12.147781751963,0.948115922181,1,1,1,52.3598775598299,0,0,1.929272274003,0,-1
12.153904163359,0.948115922181,1,1,1,52.3598775598299,0,0,1.929272274003,0,-1
12.160026574755,0.948115922181,1,1,1,52.3598775598299,0,0,1.929272274003,0,-1
12.166148986151,0.948115922181,1,1,1,52.3598775598299,0,0,1.929272274003,0,-1
12.172271397547,0.948115922181,1,1,1,52.3598775598299,0,0,1.929272274003,0,-1
12.178393808943,0.948115922181,1,1,1,52.3598775598299,0,0,1.929272274003,0,-1
12.184516220339,0.948115922181,1,1,1,52.3598775598299,0,0,1.929272274003,0,-1
12.190638631735,0.948115922181,1,1,1,52.3598775598299,0,0,1.929272274003,0,-1
12.196761043131,0.948115922181,1,1,1,52.3598775598299,0,0,1.929272274003,0,-1
12.202883454527,0.948115922181,1,1,1,52.3598775598299,0,0,1.929272274003,0,-1
12.209005865923,0.948115922181,1,1,1,52.3598775598299,0,0,1.929272274003,0,-1
12.215128277319,0.948115922181,1,1,1,52.3598775598299,0,0,1.929272274003,0,-1
12.221250688715,0.948115922181,1,1,1,52.3598775598299,0,0,1.929272274003,0,-1
12.227373100111,0.948115922181,1,1,1,52.3598775598299,0,0,1.929272274003,0,-1
12.233495511507,0.948115922181,1,1,1,52.3598775598299,0,0,1.929272274003,0,-1
12.239617922903,0.948115922181,1,1,1,52.3598775598299,0,0,1.929272274003,0,-1
12.245740334299,0.948115922181,1,1,1,52.3598775598299,0,0,1.929272274003,0,-1
12.251862745695,0.948115922181,1,1,1,52.3598775598299,0,0,1.929272274003,0,-1
12.257985157091,0.948115922181,1,1,1,52.3598775598299,0,0,1.929272274003,0,-1
12.264107568487,0.948115922181,1,1,1,52.3598775598299,0,0,1.929272274003,0,-1
12.270229979883,0.948115922181,1,1,1,52.3598775598299,0,0,1.929272274003,0,-1
12.276352391279,0.948115922181,1,1,1,52.3598775598299,0,0,1.929272274003,0,-1
12.282474802675,0.948115922181,1,1,1,52.3598775598299,0,0,1.929272274003,0,-1
12.29012781692,0.948115922181,1,1,1,52.3598775598299,0,0,1.929272274003,0,-1
12.297780831165,0.948115922181,1,1,1,52.3598775598299,0,0,1.929272274003,0,-1
12.30543384541,0.948115922181,1,1,1,52.3598775598299,0,0,1.929272274003,0,-1
12.31232155823,0.948115922181,1,1,1,52.3598775598299,0,0,1.929272274003,0,-1
12.318520499768,0.948115922181,1,1,1,52.3598775598299,0,0,1.929272274003,0,-1
12.324719441306,0.948115922181,1,1,1,52.3598775598299,0,0,1.929272274003,0,-1
12.332468118228,0.948115922181,1,1,1,52.3598775598299,0,0,1.929272274003,0,-1
12.339441927458,0.948115922181,1,1,1,52.3598775598299,0,0,1.929272274003,0,-1
12.346415736688,0.948115922181,1,1,1,52.3598775598299,0,0,1.929272274003,0,-1
12.353389545918,0.948115922181,1,1,1,52.3598775598299,0,0,1.929272274003,0,-1
12.360363355148,0.948115922181,1,1,1,52.3598775598299,0,0,1.929272274003,0,-1
12.367012319292,0.948115922181,1,1,1,52.3598775598299,0,0,1.929272274003,0,-1
12.373661283436,0.948115922181,1,1,1,52.3598775598299,0,0,1.929272274003,0,-1
12.38031024758,0.948115922181,1,1,1,52.3598775598299,0,0,1.929272274003,0,-1
12.386959211724,0.948115922181,1,1,1,52.3598775598299,0,0,1.929272274003,0,-1
12.393608175868,0.948115922181,1,1,1,52.3598775598299,0,0,1.929272274003,0,-1
12.400257140012,0.948115922181,1,1,1,52.3598775598299,0,0,1.929272274003,0,-1
12.406330304778,0.948115922181,1,1,1,52.3598775598299,0,0,1.929272274003,0,-1
12.412403469544,0.948115922181,1,1,1,52.3598775598299,0,0,1.929272274003,0,-1
12.41847663431,0.948115922181,1,1,1,52.3598775598299,0,0,1.929272274003,0,-1
12.424549799076,0.948115922181,1,1,1,52.3598775598299,0,0,1.929272274003,0,-1
12.430622963842,0.948115922181,1,1,1,52.3598775598299,0,0,1.929272274003,0,-1
12.438214419799,0.948115922181,1,1,1,52.3598775598299,0,0,1.929272274003,0,-1
12.44504673016,0.948115922181,1,1,1,52.3598775598299,0,0,1.929272274003,0,-1
12.451879040521,0.948115922181,1,1,1,52.3598775598299,0,0,1.929272274003,0,-1
12.458028119846,0.948115922181,1,1,1,52.3598775598299,0,0,1.929272274003,0,-1
12.464177199171,0.948115922181,1,1,1,52.3598775598299,0,0,1.929272274003,0,-1
12.471863548327,0.948115922181,1,1,1,52.3598775598299,0,0,1.929272274003,0,-1
12.478781262567,0.948115922181,1,1,1,52.3598775598299,0,0,1.929272274003,0,-1
12.485698976807,0.948115922181,1,1,1,52.3598775598299,0,0,1.929272274003,0,-1
12.491924919623,0.948115922181,1,1,1,52.3598775598299,0,0,1.929272274003,0,-1
12.498150862439,0.948115922181,1,1,1,52.3598775598299,0,0,1.929272274003,0,-1
12.505933290959,0.948115922181,1,1,1,52.3598775598299,0,0,1.929272274003,0,-1
12.512937476627,0.948115922181,1,1,1,52.3598775598299,0,0,1.929272274003,0,-1
12.519941662295,0.948115922181,1,1,1,52.3598775598299,0,0,1.929272274003,0,-1
12.526245429396,0.948115922181,1,1,1,52.3598775598299,0,0,1.929272274003,0,-1
12.532549196497,0.948115922181,1,1,1,52.3598775598299,0,0,1.929272274003,0,-1
12.540428905373,0.948115922181,1,1,1,52.3598775598299,0,0,1.929272274003,0,-1
12.547520643361,0.948115922181,1,1,1,52.3598775598299,0,0,1.929272274003,0,-1
12.554612381349,0.948115922181,1,1,1,52.3598775598299,0,0,1.929272274003,0,-1
12.560994945538,0.948115922181,1,1,1,52.3598775598299,0,0,1.929272274003,0,-1
12.567377509727,0.948115922181,1,1,1,52.3598775598299,0,0,1.929272274003,0,-1
12.575355714963,0.948115922181,1,1,1,52.3598775598299,0,0,1.929272274003,0,-1
12.582263866118,0.948115922181,1,1,1,52.3598775598299,0,0,1.929272274003,0,-1
12.589172017273,0.948115922181,1,1,1,52.3598775598299,0,0,1.929272274003,0,-1
12.596080168428,0.948115922181,1,1,1,52.3598775598299,0,0,1.929272274003,0,-1
12.602988319583,0.948115922181,1,1,1,52.3598775598299,0,0,1.929272274003,0,-1
12.609896470738,0.948115922181,1,1,1,52.3598775598299,0,0,1.929272274003,0,-1
12.616804621893,0.948115922181,1,1,1,52.3598775598299,0,0,1.929272274003,0,-1
12.622975760013,0.948115922181,1,1,1,52.3598775598299,0,0,1.929272274003,0,-1
12.626044189519,0.948115922181,1,1,1,52.3598775598299,0,0,1.929272274003,0,-1
12.629112619025,0.948115922181,1,1,1,52.3598775598299,0,0,1.929272274003,0,-1
12.632181048531,0.948115922181,1,1,1,52.3598775598299,0,0,1.929272274003,0,-1
12.636016585413,0.948115922181,1,1,1,52.3598775598299,0,0,1.929272274003,0,-1
12.639852122295,0.948115922181,1,1,1,52.3598775598299,0,0,1.929272274003,0,-1
12.644646543397,0.948115922181,1,1,1,52.3598775598299,0,0,1.929272274003,0,-1
12.650639569774,0.948115922181,1,1,1,52.3598775598299,0,0,1.929272274003,0,-1
12.656632596151,0.948115922181,1,1,1,52.3598775598299,0,0,1.929272274003,0,-1
12.660183649563,0.948115922181,1,1,1,52.3598775598299,0,0,1.929272274003,0,-1
12.663734702975,0.948115922181,1,1,1,52.3598775598299,0,0,1.929272274003,0,-1
12.667285756387,0.948115922181,1,1,1,52.3598775598299,0,0,1.929272274003,0,-1
12.671724573152,0.948115922181,1,1,1,52.3598775598299,0,0,1.929272274003,0,-1
12.676163389917,0.948115922181,1,1,1,52.3598775598299,0,0,1.929272274003,0,-1
12.681711910873,0.948115922181,1,1,1,52.3598775598299,0,0,1.929272274003,0,-1
12.687260431829,0.948115922181,1,1,1,52.3598775598299,0,0,1.929272274003,0,-1
12.694196083024,0.948115922181,1,1,1,52.3598775598299,0,0,1.929272274003,0,-1
12.699637777915,0.948115922181,1,1,1,52.3598775598299,0,0,1.929272274003,0,-1
12.705079472806,0.948115922181,1,1,1,52.3598775598299,0,0,1.929272274003,0,-1
12.710521167697,0.948115922181,1,1,1,52.3598775598299,0,0,1.929272274003,0,-1
12.715962862588,0.948115922181,1,1,1,52.3598775598299,0,0,1.929272274003,0,-1
12.722764981202,0.948115922181,1,1,1,52.3598775598299,0,0,1.929272274003,0,-1
12.731267629469,0.948115922181,1,1,1,52.3598775598299,0,0,1.929272274003,0,-1
12.739770277736,0.948115922181,1,1,1,52.3598775598299,0,0,1.929272274003,0,-1
12.748272926003,0.948115922181,1,1,1,52.3598775598299,0,0,1.929272274003,0,-1
12.758901236337,0.948115922181,1,1,1,52.3598775598299,0,0,1.929272274003,0,-1
12.772186624254,0.948115922181,1,1,1,52.3598775598299,0,0,1.929272274003,0,-1
12.785472012171,0.948115922181,1,1,1,52.3598775598299,0,0,1.929272274003,0,-1
12.802078747067,0.948115922181,1,1,1,52.3598775598299,0,0,1.929272274003,0,-1
12.822837165687,0.948115922181,1,1,1,52.3598775598299,0,0,1.929272274003,0,-1
12.848785188962,0.948115922181,1,1,1,52.3598775598299,0,0,1.929272274003,0,-1
12.881220218056,0.948115922181,1,1,1,52.3598775598299,0,0,1.929272274003,0,-1
12.921764004423,0.948115922181,1,1,1,52.3598775598299,0,0,1.929272274003,0,-1
12.972443737382,0.948115922181,1,1,1,52.3598775598299,0,0,1.929272274003,0,-1
13.035793403581,0.948115922181,1,1,1,52.3598775598299,0,0,1.929272274003,0,-1
13.11498048633,0.948115922181,1,1,1,52.3598775598299,0,0,1.929272274003,0,-1
13.213964339766,0.948115922181,1,1,1,52.3598775598299,0,0,1.929272274003,0,-1
13.337694156561,0.948115922181,1,1,1,52.3598775598299,0,0,1.929272274003,0,-1
13.487694156561,0.948115922181,1,1,1,52.3598775598299,0,0,1.929272274003,0,-1
13.637694156561,0.948115922181,1,1,1,52.3598775598299,0,0,1.929272274003,0,-1
13.787694156561,0.948115922181,1,1,1,52.3598775598299,0,0,1.929272274003,0,-1
13.937694156561,0.948115922181,1,1,1,52.3598775598299,0,0,1.929272274003,0,-1
13.999999990001,0.948115922181,1,1,1,52.3598775598299,0,0,1.929272274003,0,-1
14.000000000001,0.948115922181,1,1,1,52.3598775598299,0,0,1.929272274003,0,-1
14.000000000001,0.948115922181,1,1,1,52.3598775598299,0,0,1.929272274003,0,0
14.000000000001,0.948115922181,1,1,1,52.3598775598299,0,0,1.929272274003,0,0
14.000000000001,0.948115922181,1,1,1,52.3598775598299,0,0,1.929272274003,0,0
14.008900833349,0.948115922181,1,1,1,52.3598775598299,0,0,1.929272274003,0,0
14.071206666785,0.948115922181,1,1,1,52.3598775598299,0,0,1.929272274003,0,0
14.221206666785,0.948115922181,1,1,1,52.3598775598299,0,0,1.929272274003,0,0
14.371206666785,0.948115922181,1,1,1,52.3598775598299,0,0,1.929272274003,0,0
14.521206666785,0.948115922181,1,1,1,52.3598775598299,0,0,1.929272274003,0,0
14.671206666785,0.948115922181,1,1,1,52.3598775598299,0,0,1.929272274003,0,0
14.821206666785,0.948115922181,1,1,1,52.3598775598299,0,0,1.929272274003,0,0
14.971206666785,0.948115922181,1,1,1,52.3598775598299,0,0,1.929272274003,0,0
15,0.948115922181,1,1,1,52.3598775598299,0,0,1.929272274003,0,0
15,0.948115922181,1,1,1,52.3598775598299,0,0,1.929272274003,0,0
15,0.948115922181,1,1,1,52.3598775598299,0,0,1.929272274003,0,0
15,0.948115922181,1,1,1,52.3598775598299,0,0,1.929272274003,0,0
